0.79022,0.001
0.77979,0.002
0.76062,0.003
0.75073,0.004
0.74243,0.005
0.74121,0.006
0.73987,0.007
0.73602,0.008
0.73315,0.009
0.73114,0.01
0.72662,0.011
0.72443,0.012
0.7226,0.013
0.72021,0.014
0.71539,0.015
0.71344,0.016
0.71179,0.017
0.71155,0.018
0.70746,0.019
0.70007,0.02
0.69434,0.021
0.69263,0.022
0.69159,0.023
0.69128,0.024
0.69061,0.025
0.68671,0.026
0.68451,0.027
0.68359,0.028
0.68176,0.029
0.67969,0.03
0.67926,0.031
0.67853,0.032
0.67828,0.033
0.67572,0.034
0.67566,0.035
0.67444,0.036
0.67352,0.037
0.66693,0.038
0.66681,0.039
0.66504,0.04
0.66418,0.041
0.65991,0.042
0.65948,0.043
0.65509,0.044
0.65253,0.045
0.64453,0.046
0.64386,0.047
0.64343,0.048
0.63983,0.049
0.63971,0.05
0.63965,0.051
0.63647,0.052
0.63049,0.053
0.62885,0.054
0.62878,0.055
0.62836,0.056
0.62823,0.057
0.62817,0.058
0.62701,0.059
0.62567,0.06
0.62305,0.061
0.62231,0.062
0.61951,0.063
0.61865,0.064
0.6178,0.065
0.61755,0.066
0.61743,0.067
0.61725,0.068
0.61694,0.069
0.61609,0.07
0.61395,0.071
0.61322,0.072
0.61316,0.073
0.61304,0.074
0.61169,0.075
0.60999,0.076
0.60883,0.077
0.60828,0.078
0.60748,0.079
0.60675,0.08
0.60608,0.081
0.60461,0.082
0.60419,0.083
0.60364,0.084
0.60181,0.085
0.60162,0.086
0.5976,0.087
0.59595,0.088
0.59558,0.089
0.59552,0.09
0.59497,0.091
0.59436,0.092
0.59412,0.093
0.59198,0.094
0.5907,0.095
0.58832,0.096
0.58832,0.097
0.58807,0.098
0.58807,0.099
0.58679,0.1
0.58673,0.101
0.58588,0.102
0.58557,0.103
0.58234,0.104
0.57996,0.105
0.57544,0.106
0.57477,0.107
0.56903,0.108
0.5683,0.109
0.56378,0.11
0.5614,0.111
0.55969,0.112
0.55377,0.113
0.54767,0.114
0.54712,0.115
0.54712,0.116
0.54535,0.117
0.54297,0.118
0.54132,0.119
0.5401,0.12
0.5387,0.121
0.53833,0.122
0.5379,0.123
0.53784,0.124
0.53204,0.125
0.5271,0.126
0.52698,0.127
0.52539,0.128
0.52301,0.129
0.52216,0.13
0.52167,0.131
0.52094,0.132
0.52087,0.133
0.52014,0.134
0.51837,0.135
0.51758,0.136
0.51593,0.137
0.51477,0.138
0.51111,0.139
0.5105,0.14
0.51038,0.141
0.50867,0.142
0.50684,0.143
0.50507,0.144
0.50464,0.145
0.49701,0.146
0.49652,0.147
0.49243,0.148
0.48804,0.149
0.487,0.15
0.48584,0.151
0.48279,0.152
0.48267,0.153
0.47888,0.154
0.47852,0.155
0.46893,0.156
0.46783,0.157
0.46405,0.158
0.46332,0.159
0.46167,0.16
0.45886,0.161
0.45447,0.162
0.45209,0.163
0.44824,0.164
0.44507,0.165
0.44501,0.166
0.44495,0.167
0.44019,0.168
0.43622,0.169
0.43549,0.17
0.43481,0.171
0.43372,0.172
0.42737,0.173
0.42566,0.174
0.42444,0.175
0.42346,0.176
0.42175,0.177
0.42151,0.178
0.41467,0.179
0.40973,0.18
0.40906,0.181
0.40906,0.182
0.40643,0.183
0.40137,0.184
0.40125,0.185
0.40039,0.186
0.39868,0.187
0.39008,0.188
0.38849,0.189
0.38715,0.19
0.38702,0.191
0.38544,0.192
0.38031,0.193
0.3772,0.194
0.37537,0.195
0.375,0.196
0.36938,0.197
0.3681,0.198
0.36469,0.199
0.36322,0.2
0.3623,0.201
0.3595,0.202
0.35724,0.203
0.35413,0.204
0.35077,0.205
0.349,0.206
0.3479,0.207
0.34576,0.208
0.33997,0.209
0.33978,0.21
0.33441,0.211
0.33374,0.212
0.33069,0.213
0.32983,0.214
0.32593,0.215
0.3205,0.216
0.31995,0.217
0.3103,0.218
0.30902,0.219
0.30792,0.22
0.30475,0.221
0.28888,0.222
0.28717,0.223
0.28577,0.224
0.27692,0.225
0.2735,0.226
0.27045,0.227
0.26666,0.228
0.26434,0.229
0.26337,0.23
0.26282,0.231
0.25989,0.232
0.25897,0.233
0.25867,0.234
0.25702,0.235
0.25458,0.236
0.24921,0.237
0.2489,0.238
0.24884,0.239
0.24847,0.24
0.24756,0.241
0.2467,0.242
0.24445,0.243
0.24255,0.244
0.24213,0.245
0.24182,0.246
0.24097,0.247
0.24084,0.248
0.23926,0.249
0.23779,0.25
0.23621,0.251
0.23615,0.252
0.22882,0.253
0.22809,0.254
0.22766,0.255
0.21869,0.256
0.21521,0.257
0.21002,0.258
0.2019,0.259
0.20056,0.26
0.19916,0.261
0.19763,0.262
0.19513,0.263
0.18781,0.264
0.18427,0.265
0.18243,0.266
0.18018,0.267
0.17896,0.268
0.17773,0.269
0.17651,0.27
0.16827,0.271
0.16602,0.272
0.16528,0.273
0.15271,0.274
0.15204,0.275
0.15149,0.276
0.1488,0.277
0.14056,0.278
0.13788,0.279
0.13531,0.28
0.13324,0.281
0.12421,0.282
0.1228,0.283
0.11981,0.284
0.11798,0.285
0.1178,0.286
0.11731,0.287
0.11652,0.288
0.11511,0.289
0.11499,0.29
0.11316,0.291
0.1131,0.292
0.11176,0.293
0.10999,0.294
0.10474,0.295
0.10272,0.296
0.1001,0.297
0.096985,0.298
0.096436,0.299
0.095093,0.3
0.093384,0.301
0.092773,0.302
0.090332,0.303
0.088257,0.304
0.087402,0.305
0.085632,0.306
0.084717,0.307
0.084656,0.308
0.084412,0.309
0.083801,0.31
0.083496,0.311
0.083435,0.312
0.083008,0.313
0.081604,0.314
0.081482,0.315
0.079651,0.316
0.078918,0.317
0.078552,0.318
0.077087,0.319
0.074402,0.32
0.07428,0.321
0.074219,0.322
0.070984,0.323
0.069031,0.324
0.068787,0.325
0.068481,0.326
0.066711,0.327
0.065125,0.328
0.064453,0.329
0.062988,0.33
0.062195,0.331
0.062073,0.332
0.061523,0.333
0.061035,0.334
0.059814,0.335
0.058594,0.336
0.05835,0.337
0.057007,0.338
0.056213,0.339
0.055847,0.34
0.053162,0.341
0.052612,0.342
0.051819,0.343
0.051758,0.344
0.051636,0.345
0.051086,0.346
0.050781,0.347
0.050171,0.348
0.049988,0.349
0.0495,0.35
0.047546,0.351
0.046997,0.352
0.044434,0.353
0.044312,0.354
0.043884,0.355
0.043274,0.356
0.043091,0.357
0.04303,0.358
0.042969,0.359
0.042847,0.36
0.040588,0.361
0.039429,0.362
0.039429,0.363
0.039368,0.364
0.035217,0.365
0.034912,0.366
0.033081,0.367
0.032959,0.368
0.031372,0.369
0.030579,0.37
0.028687,0.371
0.028625,0.372
0.027527,0.373
0.027405,0.374
0.027161,0.375
0.027039,0.376
0.026123,0.377
0.025513,0.378
0.025391,0.379
0.025208,0.38
0.025085,0.381
0.025085,0.382
0.02478,0.383
0.024109,0.384
0.023865,0.385
0.023743,0.386
0.023193,0.387
0.022339,0.388
0.022034,0.389
0.022034,0.39
0.021423,0.391
0.020752,0.392
0.019897,0.393
0.019836,0.394
0.019775,0.395
0.019104,0.396
0.018921,0.397
0.018494,0.398
0.018372,0.399
0.017883,0.4
0.017822,0.401
0.0177,0.402
0.0177,0.403
0.017212,0.404
0.017151,0.405
0.016968,0.406
0.016724,0.407
0.016479,0.408
0.016052,0.409
0.016052,0.41
0.01593,0.411
0.015564,0.412
0.015259,0.413
0.015137,0.414
0.015076,0.415
0.014709,0.416
0.014526,0.417
0.014465,0.418
0.014221,0.419
0.013977,0.42
0.013855,0.421
0.013794,0.422
0.013672,0.423
0.013672,0.424
0.01355,0.425
0.013428,0.426
0.013367,0.427
0.013306,0.428
0.013306,0.429
0.013245,0.43
0.013184,0.431
0.012329,0.432
0.012268,0.433
0.012207,0.434
0.011963,0.435
0.011719,0.436
0.010986,0.437
0.010925,0.438
0.010742,0.439
0.010132,0.44
0.010071,0.441
0.0099487,0.442
0.0098877,0.443
0.0098877,0.444
0.0098267,0.445
0.0097046,0.446
0.0094604,0.447
0.0093994,0.448
0.0092163,0.449
0.0091553,0.45
0.008667,0.451
0.0084839,0.452
0.0083618,0.453
0.0083008,0.454
0.0081787,0.455
0.0081787,0.456
0.0081177,0.457
0.0081177,0.458
0.0079346,0.459
0.0078735,0.46
0.0078735,0.461
0.0076294,0.462
0.0075073,0.463
0.0073853,0.464
0.0073242,0.465
0.0073242,0.466
0.0072021,0.467
0.0067749,0.468
0.0067139,0.469
0.0065918,0.47
0.0065308,0.471
0.0064087,0.472
0.0063477,0.473
0.0063477,0.474
0.0062256,0.475
0.0062256,0.476
0.0060425,0.477
0.0059814,0.478
0.0059204,0.479
0.0059204,0.48
0.0058594,0.481
0.0056763,0.482
0.0056763,0.483
0.0056152,0.484
0.0055542,0.485
0.0054321,0.486
0.005127,0.487
0.0050049,0.488
0.0049438,0.489
0.0048218,0.49
0.0047607,0.491
0.0047607,0.492
0.0046997,0.493
0.0045776,0.494
0.0045166,0.495
0.0045166,0.496
0.0045166,0.497
0.0043945,0.498
0.0043335,0.499
0.0043335,0.5
0.0042725,0.501
0.0042725,0.502
0.0042114,0.503
0.0042114,0.504
0.0041504,0.505
0.0040894,0.506
0.0040894,0.507
0.0039673,0.508
0.0039063,0.509
0.0039063,0.51
0.0038452,0.511
0.0037842,0.512
0.0037842,0.513
0.0036621,0.514
0.0036011,0.515
0.0036011,0.516
0.00354,0.517
0.003479,0.518
0.003479,0.519
0.003418,0.52
0.003418,0.521
0.003418,0.522
0.0033569,0.523
0.0033569,0.524
0.0033569,0.525
0.0032959,0.526
0.0032959,0.527
0.0032349,0.528
0.0031738,0.529
0.0030518,0.53
0.0030518,0.531
0.0030518,0.532
0.0029297,0.533
0.0029297,0.534
0.0029297,0.535
0.0028687,0.536
0.0028687,0.537
0.0028076,0.538
0.0027466,0.539
0.0026855,0.54
0.0026855,0.541
0.0026855,0.542
0.0026245,0.543
0.0026245,0.544
0.0025635,0.545
0.0025635,0.546
0.0025024,0.547
0.0024414,0.548
0.0024414,0.549
0.0023804,0.55
0.0023804,0.551
0.0023804,0.552
0.0023193,0.553
0.0023193,0.554
0.0023193,0.555
0.0022583,0.556
0.0022583,0.557
0.0021973,0.558
0.0021973,0.559
0.0021362,0.56
0.0020752,0.561
0.0020752,0.562
0.0020752,0.563
0.0020142,0.564
0.0020142,0.565
0.0019531,0.566
0.0019531,0.567
0.0019531,0.568
0.0019531,0.569
0.0019531,0.57
0.0018921,0.571
0.0018921,0.572
0.0018921,0.573
0.0018921,0.574
0.0018921,0.575
0.0018311,0.576
0.0018311,0.577
0.00177,0.578
0.00177,0.579
0.00177,0.58
0.00177,0.581
0.00177,0.582
0.00177,0.583
0.00177,0.584
0.001709,0.585
0.001709,0.586
0.0016479,0.587
0.0016479,0.588
0.0016479,0.589
0.0016479,0.59
0.0016479,0.591
0.0016479,0.592
0.0016479,0.593
0.0015869,0.594
0.0015869,0.595
0.0015869,0.596
0.0015869,0.597
0.0015259,0.598
0.0015259,0.599
0.0015259,0.6
0.0015259,0.601
0.0015259,0.602
0.0015259,0.603
0.0014648,0.604
0.0014648,0.605
0.0014648,0.606
0.0014038,0.607
0.0014038,0.608
0.0014038,0.609
0.0014038,0.61
0.0014038,0.611
0.0014038,0.612
0.0013428,0.613
0.0013428,0.614
0.0013428,0.615
0.0013428,0.616
0.0013428,0.617
0.0012817,0.618
0.0012817,0.619
0.0012817,0.62
0.0012817,0.621
0.0012817,0.622
0.0012817,0.623
0.0012817,0.624
0.0012817,0.625
0.0012207,0.626
0.0012207,0.627
0.0012207,0.628
0.0011597,0.629
0.0011597,0.63
0.0011597,0.631
0.0011597,0.632
0.0011597,0.633
0.0011597,0.634
0.0011597,0.635
0.0011597,0.636
0.0010986,0.637
0.0010986,0.638
0.0010986,0.639
0.0010986,0.64
0.0010376,0.641
0.0010376,0.642
0.0010376,0.643
0.0010376,0.644
0.0010376,0.645
0.0010376,0.646
0.0010376,0.647
0.00097656,0.648
0.00097656,0.649
0.00097656,0.65
0.00097656,0.651
0.00097656,0.652
0.00097656,0.653
0.00097656,0.654
0.00097656,0.655
0.00097656,0.656
0.00097656,0.657
0.00091553,0.658
0.00091553,0.659
0.00091553,0.66
0.00091553,0.661
0.00091553,0.662
0.00091553,0.663
0.00091553,0.664
0.00091553,0.665
0.00085449,0.666
0.00085449,0.667
0.00085449,0.668
0.00085449,0.669
0.00085449,0.67
0.00085449,0.671
0.00079346,0.672
0.00079346,0.673
0.00079346,0.674
0.00079346,0.675
0.00079346,0.676
0.00079346,0.677
0.00079346,0.678
0.00079346,0.679
0.00079346,0.68
0.00073242,0.681
0.00073242,0.682
0.00073242,0.683
0.00073242,0.684
0.00073242,0.685
0.00073242,0.686
0.00073242,0.687
0.00073242,0.688
0.00073242,0.689
0.00067139,0.69
0.00067139,0.691
0.00067139,0.692
0.00067139,0.693
0.00061035,0.694
0.00061035,0.695
0.00061035,0.696
0.00061035,0.697
0.00061035,0.698
0.00061035,0.699
0.00061035,0.7
0.00061035,0.701
0.00061035,0.702
0.00061035,0.703
0.00054932,0.704
0.00054932,0.705
0.00054932,0.706
0.00054932,0.707
0.00054932,0.708
0.00054932,0.709
0.00048828,0.71
0.00048828,0.711
0.00048828,0.712
0.00048828,0.713
0.00048828,0.714
0.00048828,0.715
0.00048828,0.716
0.00048828,0.717
0.00048828,0.718
0.00048828,0.719
0.00048828,0.72
0.00048828,0.721
0.00048828,0.722
0.00042725,0.723
0.00042725,0.724
0.00042725,0.725
0.00042725,0.726
0.00042725,0.727
0.00042725,0.728
0.00042725,0.729
0.00042725,0.73
0.00042725,0.731
0.00042725,0.732
0.00042725,0.733
0.00042725,0.734
0.00042725,0.735
0.00042725,0.736
0.00042725,0.737
0.00042725,0.738
0.00036621,0.739
0.00036621,0.74
0.00036621,0.741
0.00036621,0.742
0.00036621,0.743
0.00036621,0.744
0.00036621,0.745
0.00036621,0.746
0.00036621,0.747
0.00036621,0.748
0.00036621,0.749
0.00036621,0.75
0.00036621,0.751
0.00036621,0.752
0.00036621,0.753
0.00036621,0.754
0.00036621,0.755
0.00036621,0.756
0.00036621,0.757
0.00036621,0.758
0.00036621,0.759
0.00036621,0.76
0.00030518,0.761
0.00030518,0.762
0.00030518,0.763
0.00030518,0.764
0.00030518,0.765
0.00030518,0.766
0.00030518,0.767
0.00030518,0.768
0.00030518,0.769
0.00030518,0.77
0.00030518,0.771
0.00030518,0.772
0.00030518,0.773
0.00030518,0.774
0.00030518,0.775
0.00030518,0.776
0.00030518,0.777
0.00030518,0.778
0.00030518,0.779
0.00030518,0.78
0.00030518,0.781
0.00030518,0.782
0.00030518,0.783
0.00024414,0.784
0.00024414,0.785
0.00024414,0.786
0.00024414,0.787
0.00024414,0.788
0.00024414,0.789
0.00024414,0.79
0.00024414,0.791
0.00024414,0.792
0.00024414,0.793
0.00024414,0.794
0.00024414,0.795
0.00024414,0.796
0.00024414,0.797
0.00024414,0.798
0.00024414,0.799
0.00024414,0.8
0.00024414,0.801
0.00024414,0.802
0.00018311,0.803
0.00018311,0.804
0.00018311,0.805
0.00018311,0.806
0.00018311,0.807
0.00018311,0.808
0.00018311,0.809
0.00018311,0.81
0.00018311,0.811
0.00018311,0.812
0.00018311,0.813
0.00018311,0.814
0.00018311,0.815
0.00018311,0.816
0.00018311,0.817
0.00018311,0.818
0.00018311,0.819
0.00018311,0.82
0.00018311,0.821
0.00018311,0.822
0.00018311,0.823
0.00018311,0.824
0.00018311,0.825
0.00018311,0.826
0.00018311,0.827
0.00018311,0.828
0.00018311,0.829
0.00018311,0.83
0.00018311,0.831
0.00018311,0.832
0.00018311,0.833
0.00018311,0.834
0.00018311,0.835
0.00018311,0.836
0.00018311,0.837
0.00018311,0.838
0.00018311,0.839
0.00018311,0.84
0.00018311,0.841
0.00018311,0.842
0.00018311,0.843
0.00018311,0.844
0.00018311,0.845
0.00018311,0.846
0.00018311,0.847
0.00018311,0.848
0.00018311,0.849
0.00012207,0.85
0.00012207,0.851
0.00012207,0.852
0.00012207,0.853
0.00012207,0.854
0.00012207,0.855
0.00012207,0.856
0.00012207,0.857
0.00012207,0.858
0.00012207,0.859
0.00012207,0.86
0.00012207,0.861
0.00012207,0.862
0.00012207,0.863
0.00012207,0.864
0.00012207,0.865
0.00012207,0.866
0.00012207,0.867
0.00012207,0.868
0.00012207,0.869
0.00012207,0.87
0.00012207,0.871
0.00012207,0.872
0.00012207,0.873
0.00012207,0.874
0.00012207,0.875
0.00012207,0.876
0.00012207,0.877
0.00012207,0.878
0.00012207,0.879
0.00012207,0.88
0.00012207,0.881
0.00012207,0.882
0.00012207,0.883
0.00012207,0.884
0.00012207,0.885
0.00012207,0.886
0.00012207,0.887
0.00012207,0.888
0.00012207,0.889
0.00012207,0.89
0.00012207,0.891
0.00012207,0.892
0.00012207,0.893
0.00012207,0.894
0.00012207,0.895
0.00012207,0.896
0.00012207,0.897
0.00012207,0.898
0.00012207,0.899
0.00012207,0.9
0.00012207,0.901
0.00012207,0.902
0.00012207,0.903
0.00012207,0.904
0.00012207,0.905
0.00012207,0.906
0.00012207,0.907
0.00012207,0.908
6.1035e-05,0.909
6.1035e-05,0.91
6.1035e-05,0.911
6.1035e-05,0.912
6.1035e-05,0.913
6.1035e-05,0.914
6.1035e-05,0.915
6.1035e-05,0.916
6.1035e-05,0.917
6.1035e-05,0.918
6.1035e-05,0.919
6.1035e-05,0.92
6.1035e-05,0.921
6.1035e-05,0.922
6.1035e-05,0.923
6.1035e-05,0.924
6.1035e-05,0.925
6.1035e-05,0.926
6.1035e-05,0.927
6.1035e-05,0.928
6.1035e-05,0.929
6.1035e-05,0.93
6.1035e-05,0.931
6.1035e-05,0.932
6.1035e-05,0.933
6.1035e-05,0.934
6.1035e-05,0.935
6.1035e-05,0.936
6.1035e-05,0.937
6.1035e-05,0.938
6.1035e-05,0.939
6.1035e-05,0.94
6.1035e-05,0.941
6.1035e-05,0.942
6.1035e-05,0.943
6.1035e-05,0.944
6.1035e-05,0.945
6.1035e-05,0.946
6.1035e-05,0.947
6.1035e-05,0.948
6.1035e-05,0.949
6.1035e-05,0.95
6.1035e-05,0.951
6.1035e-05,0.952
6.1035e-05,0.953
6.1035e-05,0.954
6.1035e-05,0.955
6.1035e-05,0.956
6.1035e-05,0.957
6.1035e-05,0.958
6.1035e-05,0.959
6.1035e-05,0.96
6.1035e-05,0.961
6.1035e-05,0.962
6.1035e-05,0.963
6.1035e-05,0.964
6.1035e-05,0.965
6.1035e-05,0.966
6.1035e-05,0.967
6.1035e-05,0.968
6.1035e-05,0.969
6.1035e-05,0.97
6.1035e-05,0.971
6.1035e-05,0.972
6.1035e-05,0.973
6.1035e-05,0.974
6.1035e-05,0.975
6.1035e-05,0.976
6.1035e-05,0.977
6.1035e-05,0.978
6.1035e-05,0.979
6.1035e-05,0.98
6.1035e-05,0.981
6.1035e-05,0.982
6.1035e-05,0.983
6.1035e-05,0.984
6.1035e-05,0.985
6.1035e-05,0.986
6.1035e-05,0.987
6.1035e-05,0.988
6.1035e-05,0.989
6.1035e-05,0.99
6.1035e-05,0.991
6.1035e-05,0.992
6.1035e-05,0.993
6.1035e-05,0.994
6.1035e-05,0.995
6.1035e-05,0.996
6.1035e-05,0.997
6.1035e-05,0.998
6.1035e-05,0.999
6.1035e-05,1
