0.62555,0.001
0.59894,0.002
0.59076,0.003
0.58026,0.004
0.55444,0.005
0.51697,0.006
0.50629,0.007
0.50433,0.008
0.50421,0.009
0.49738,0.01
0.49341,0.011
0.48383,0.012
0.47577,0.013
0.4632,0.014
0.46051,0.015
0.45349,0.016
0.43317,0.017
0.43256,0.018
0.42914,0.019
0.42572,0.02
0.42511,0.021
0.42444,0.022
0.41309,0.023
0.41241,0.024
0.41028,0.025
0.3913,0.026
0.3877,0.027
0.38452,0.028
0.37732,0.029
0.37659,0.03
0.37604,0.031
0.37183,0.032
0.37054,0.033
0.36359,0.034
0.36298,0.035
0.36121,0.036
0.3609,0.037
0.3584,0.038
0.35541,0.039
0.35455,0.04
0.35272,0.041
0.35071,0.042
0.34833,0.043
0.34576,0.044
0.34509,0.045
0.33899,0.046
0.33374,0.047
0.33063,0.048
0.32977,0.049
0.32715,0.05
0.31793,0.051
0.31439,0.052
0.30957,0.053
0.30939,0.054
0.3092,0.055
0.30872,0.056
0.30731,0.057
0.28845,0.058
0.28595,0.059
0.28333,0.06
0.28186,0.061
0.28143,0.062
0.28113,0.063
0.28076,0.064
0.2804,0.065
0.27527,0.066
0.26923,0.067
0.26862,0.068
0.26825,0.069
0.26715,0.07
0.26611,0.071
0.26489,0.072
0.25049,0.073
0.25037,0.074
0.24817,0.075
0.24774,0.076
0.24518,0.077
0.24451,0.078
0.23901,0.079
0.237,0.08
0.23572,0.081
0.23285,0.082
0.22943,0.083
0.22894,0.084
0.22748,0.085
0.22729,0.086
0.22351,0.087
0.2229,0.088
0.22266,0.089
0.2215,0.09
0.22137,0.091
0.22034,0.092
0.21356,0.093
0.20569,0.094
0.20563,0.095
0.20416,0.096
0.19867,0.097
0.19458,0.098
0.19385,0.099
0.19055,0.1
0.18781,0.101
0.18719,0.102
0.18604,0.103
0.18604,0.104
0.18573,0.105
0.1853,0.106
0.1828,0.107
0.18243,0.108
0.18011,0.109
0.17987,0.11
0.17981,0.111
0.17871,0.112
0.17706,0.113
0.17621,0.114
0.17554,0.115
0.17419,0.116
0.17065,0.117
0.16864,0.118
0.16791,0.119
0.16644,0.12
0.16528,0.121
0.16449,0.122
0.16187,0.123
0.16113,0.124
0.15985,0.125
0.15967,0.126
0.15912,0.127
0.15906,0.128
0.15826,0.129
0.1582,0.13
0.15784,0.131
0.15631,0.132
0.15625,0.133
0.15454,0.134
0.15295,0.135
0.15277,0.136
0.15033,0.137
0.15002,0.138
0.14709,0.139
0.14551,0.14
0.14417,0.141
0.14349,0.142
0.14191,0.143
0.1416,0.144
0.13989,0.145
0.13953,0.146
0.13867,0.147
0.1377,0.148
0.13739,0.149
0.13727,0.15
0.13672,0.151
0.13495,0.152
0.13397,0.153
0.13184,0.154
0.13043,0.155
0.12976,0.156
0.1297,0.157
0.12921,0.158
0.12915,0.159
0.12714,0.16
0.12708,0.161
0.1264,0.162
0.12598,0.163
0.12579,0.164
0.12494,0.165
0.12421,0.166
0.12299,0.167
0.12061,0.168
0.1203,0.169
0.11951,0.17
0.11816,0.171
0.1181,0.172
0.11731,0.173
0.11609,0.174
0.11603,0.175
0.11499,0.176
0.11487,0.177
0.11438,0.178
0.11267,0.179
0.11224,0.18
0.1109,0.181
0.11029,0.182
0.11017,0.183
0.1095,0.184
0.10925,0.185
0.10925,0.186
0.10791,0.187
0.10767,0.188
0.10681,0.189
0.10675,0.19
0.10443,0.191
0.10382,0.192
0.1026,0.193
0.10132,0.194
0.098694,0.195
0.097229,0.196
0.097168,0.197
0.096863,0.198
0.096863,0.199
0.096802,0.2
0.095703,0.201
0.09552,0.202
0.094727,0.203
0.094421,0.204
0.094177,0.205
0.094116,0.206
0.093872,0.207
0.091614,0.208
0.088989,0.209
0.088806,0.21
0.088074,0.211
0.087463,0.212
0.086975,0.213
0.085632,0.214
0.084473,0.215
0.084106,0.216
0.083374,0.217
0.080322,0.218
0.080017,0.219
0.079956,0.22
0.079773,0.221
0.079773,0.222
0.077881,0.223
0.077393,0.224
0.077209,0.225
0.077209,0.226
0.075684,0.227
0.075684,0.228
0.074829,0.229
0.074646,0.23
0.074219,0.231
0.073914,0.232
0.073059,0.233
0.070313,0.234
0.068604,0.235
0.06842,0.236
0.068115,0.237
0.066101,0.238
0.065552,0.239
0.062927,0.24
0.062805,0.241
0.06189,0.242
0.061462,0.243
0.061157,0.244
0.060669,0.245
0.060547,0.246
0.059753,0.247
0.059753,0.248
0.058838,0.249
0.05658,0.25
0.055359,0.251
0.054565,0.252
0.052979,0.253
0.052368,0.254
0.052246,0.255
0.052185,0.256
0.0495,0.257
0.049316,0.258
0.048096,0.259
0.048035,0.26
0.048035,0.261
0.047546,0.262
0.047302,0.263
0.046631,0.264
0.046082,0.265
0.046021,0.266
0.044983,0.267
0.044617,0.268
0.044556,0.269
0.044312,0.27
0.044312,0.271
0.043701,0.272
0.043457,0.273
0.043396,0.274
0.042969,0.275
0.042603,0.276
0.042542,0.277
0.042419,0.278
0.041809,0.279
0.041687,0.28
0.041443,0.281
0.041321,0.282
0.040894,0.283
0.040588,0.284
0.040039,0.285
0.039734,0.286
0.039124,0.287
0.03894,0.288
0.038574,0.289
0.038086,0.29
0.038025,0.291
0.036987,0.292
0.036804,0.293
0.035461,0.294
0.0354,0.295
0.034546,0.296
0.033997,0.297
0.033936,0.298
0.033691,0.299
0.033508,0.3
0.033447,0.301
0.033325,0.302
0.032898,0.303
0.032837,0.304
0.031494,0.305
0.031372,0.306
0.031128,0.307
0.030945,0.308
0.030945,0.309
0.029419,0.31
0.028564,0.311
0.028564,0.312
0.027893,0.313
0.027588,0.314
0.026672,0.315
0.026062,0.316
0.02594,0.317
0.025879,0.318
0.025635,0.319
0.025513,0.32
0.02533,0.321
0.025024,0.322
0.024597,0.323
0.02417,0.324
0.023438,0.325
0.023315,0.326
0.022949,0.327
0.022888,0.328
0.022339,0.329
0.021484,0.33
0.021118,0.331
0.021057,0.332
0.021057,0.333
0.021057,0.334
0.020935,0.335
0.020813,0.336
0.020752,0.337
0.020447,0.338
0.020264,0.339
0.019714,0.34
0.019714,0.341
0.019287,0.342
0.019226,0.343
0.018982,0.344
0.018982,0.345
0.018799,0.346
0.01825,0.347
0.018066,0.348
0.017822,0.349
0.017578,0.35
0.017456,0.351
0.016968,0.352
0.016357,0.353
0.016357,0.354
0.016174,0.355
0.016113,0.356
0.015564,0.357
0.015198,0.358
0.014893,0.359
0.014404,0.36
0.014343,0.361
0.014099,0.362
0.013611,0.363
0.013489,0.364
0.013062,0.365
0.013,0.366
0.012878,0.367
0.012146,0.368
0.011963,0.369
0.011841,0.37
0.011841,0.371
0.011841,0.372
0.011353,0.373
0.011292,0.374
0.01123,0.375
0.01123,0.376
0.011047,0.377
0.010864,0.378
0.010742,0.379
0.010559,0.38
0.010498,0.381
0.010437,0.382
0.010376,0.383
0.010376,0.384
0.010132,0.385
0.010071,0.386
0.010071,0.387
0.0097046,0.388
0.0095215,0.389
0.0095215,0.39
0.0093384,0.391
0.0092163,0.392
0.0091553,0.393
0.0091553,0.394
0.008728,0.395
0.008667,0.396
0.008606,0.397
0.0084839,0.398
0.0084229,0.399
0.0083618,0.4
0.0083618,0.401
0.0083008,0.402
0.0082397,0.403
0.0081177,0.404
0.0081177,0.405
0.0078735,0.406
0.0076904,0.407
0.0076904,0.408
0.0076904,0.409
0.0076904,0.41
0.0074463,0.411
0.0072021,0.412
0.0071411,0.413
0.0071411,0.414
0.0070801,0.415
0.0070801,0.416
0.007019,0.417
0.0067749,0.418
0.0066528,0.419
0.0065918,0.42
0.0065308,0.421
0.0062866,0.422
0.0061035,0.423
0.0060425,0.424
0.0059204,0.425
0.0057983,0.426
0.0057983,0.427
0.0057373,0.428
0.0056152,0.429
0.0056152,0.43
0.0055542,0.431
0.0054321,0.432
0.0054321,0.433
0.0053101,0.434
0.0053101,0.435
0.0053101,0.436
0.0053101,0.437
0.0053101,0.438
0.005249,0.439
0.005249,0.44
0.005188,0.441
0.005127,0.442
0.0050659,0.443
0.0050049,0.444
0.0050049,0.445
0.0049438,0.446
0.0048218,0.447
0.0046387,0.448
0.0045776,0.449
0.0045166,0.45
0.0044556,0.451
0.0044556,0.452
0.0043945,0.453
0.0043945,0.454
0.0043945,0.455
0.0043945,0.456
0.0043335,0.457
0.0042114,0.458
0.0041504,0.459
0.0040283,0.46
0.0040283,0.461
0.0040283,0.462
0.0039673,0.463
0.0039063,0.464
0.0037231,0.465
0.0036621,0.466
0.0036011,0.467
0.0036011,0.468
0.00354,0.469
0.003479,0.47
0.003479,0.471
0.003479,0.472
0.003418,0.473
0.003418,0.474
0.0033569,0.475
0.0033569,0.476
0.0033569,0.477
0.0033569,0.478
0.0032959,0.479
0.0032959,0.48
0.0032959,0.481
0.0032349,0.482
0.0031128,0.483
0.0031128,0.484
0.0030518,0.485
0.0029907,0.486
0.0029297,0.487
0.0029297,0.488
0.0028687,0.489
0.0028687,0.49
0.0028687,0.491
0.0028687,0.492
0.0028076,0.493
0.0028076,0.494
0.0028076,0.495
0.0028076,0.496
0.0028076,0.497
0.0027466,0.498
0.0027466,0.499
0.0027466,0.5
0.0027466,0.501
0.0026855,0.502
0.0026855,0.503
0.0026855,0.504
0.0026245,0.505
0.0025635,0.506
0.0024414,0.507
0.0024414,0.508
0.0023804,0.509
0.0023804,0.51
0.0023804,0.511
0.0023193,0.512
0.0023193,0.513
0.0023193,0.514
0.0022583,0.515
0.0022583,0.516
0.0022583,0.517
0.0022583,0.518
0.0021973,0.519
0.0021973,0.52
0.0021973,0.521
0.0021362,0.522
0.0021362,0.523
0.0020752,0.524
0.0020752,0.525
0.0020752,0.526
0.0020142,0.527
0.0020142,0.528
0.0020142,0.529
0.0019531,0.53
0.0018921,0.531
0.0018311,0.532
0.0018311,0.533
0.0018311,0.534
0.0018311,0.535
0.0018311,0.536
0.00177,0.537
0.00177,0.538
0.00177,0.539
0.00177,0.54
0.00177,0.541
0.00177,0.542
0.00177,0.543
0.001709,0.544
0.001709,0.545
0.001709,0.546
0.0016479,0.547
0.0016479,0.548
0.0016479,0.549
0.0016479,0.55
0.0016479,0.551
0.0016479,0.552
0.0015869,0.553
0.0015869,0.554
0.0015869,0.555
0.0015869,0.556
0.0015259,0.557
0.0015259,0.558
0.0015259,0.559
0.0014648,0.56
0.0014648,0.561
0.0014648,0.562
0.0014648,0.563
0.0014038,0.564
0.0014038,0.565
0.0014038,0.566
0.0014038,0.567
0.0014038,0.568
0.0014038,0.569
0.0013428,0.57
0.0013428,0.571
0.0012817,0.572
0.0012817,0.573
0.0012207,0.574
0.0012207,0.575
0.0012207,0.576
0.0012207,0.577
0.0011597,0.578
0.0011597,0.579
0.0011597,0.58
0.0011597,0.581
0.0011597,0.582
0.0011597,0.583
0.0010986,0.584
0.0010986,0.585
0.0010986,0.586
0.0010986,0.587
0.0010986,0.588
0.0010986,0.589
0.0010986,0.59
0.0010986,0.591
0.0010376,0.592
0.0010376,0.593
0.0010376,0.594
0.00097656,0.595
0.00097656,0.596
0.00097656,0.597
0.00097656,0.598
0.00097656,0.599
0.00097656,0.6
0.00097656,0.601
0.00097656,0.602
0.00091553,0.603
0.00091553,0.604
0.00091553,0.605
0.00091553,0.606
0.00091553,0.607
0.00085449,0.608
0.00085449,0.609
0.00085449,0.61
0.00085449,0.611
0.00085449,0.612
0.00085449,0.613
0.00085449,0.614
0.00085449,0.615
0.00079346,0.616
0.00079346,0.617
0.00079346,0.618
0.00079346,0.619
0.00079346,0.62
0.00079346,0.621
0.00079346,0.622
0.00079346,0.623
0.00073242,0.624
0.00073242,0.625
0.00073242,0.626
0.00073242,0.627
0.00073242,0.628
0.00073242,0.629
0.00073242,0.63
0.00073242,0.631
0.00073242,0.632
0.00073242,0.633
0.00073242,0.634
0.00073242,0.635
0.00067139,0.636
0.00067139,0.637
0.00067139,0.638
0.00067139,0.639
0.00067139,0.64
0.00067139,0.641
0.00067139,0.642
0.00067139,0.643
0.00067139,0.644
0.00067139,0.645
0.00067139,0.646
0.00067139,0.647
0.00061035,0.648
0.00061035,0.649
0.00061035,0.65
0.00061035,0.651
0.00061035,0.652
0.00061035,0.653
0.00061035,0.654
0.00061035,0.655
0.00061035,0.656
0.00061035,0.657
0.00061035,0.658
0.00061035,0.659
0.00061035,0.66
0.00061035,0.661
0.00054932,0.662
0.00054932,0.663
0.00054932,0.664
0.00054932,0.665
0.00054932,0.666
0.00054932,0.667
0.00054932,0.668
0.00054932,0.669
0.00054932,0.67
0.00054932,0.671
0.00054932,0.672
0.00054932,0.673
0.00054932,0.674
0.00054932,0.675
0.00054932,0.676
0.00048828,0.677
0.00048828,0.678
0.00048828,0.679
0.00048828,0.68
0.00048828,0.681
0.00048828,0.682
0.00048828,0.683
0.00048828,0.684
0.00048828,0.685
0.00048828,0.686
0.00048828,0.687
0.00048828,0.688
0.00048828,0.689
0.00048828,0.69
0.00042725,0.691
0.00042725,0.692
0.00042725,0.693
0.00042725,0.694
0.00042725,0.695
0.00042725,0.696
0.00042725,0.697
0.00042725,0.698
0.00042725,0.699
0.00042725,0.7
0.00042725,0.701
0.00042725,0.702
0.00042725,0.703
0.00042725,0.704
0.00042725,0.705
0.00042725,0.706
0.00042725,0.707
0.00042725,0.708
0.00036621,0.709
0.00036621,0.71
0.00036621,0.711
0.00036621,0.712
0.00036621,0.713
0.00036621,0.714
0.00036621,0.715
0.00036621,0.716
0.00036621,0.717
0.00036621,0.718
0.00036621,0.719
0.00036621,0.72
0.00036621,0.721
0.00036621,0.722
0.00036621,0.723
0.00036621,0.724
0.00036621,0.725
0.00036621,0.726
0.00036621,0.727
0.00036621,0.728
0.00036621,0.729
0.00036621,0.73
0.00030518,0.731
0.00030518,0.732
0.00030518,0.733
0.00030518,0.734
0.00030518,0.735
0.00030518,0.736
0.00030518,0.737
0.00030518,0.738
0.00030518,0.739
0.00030518,0.74
0.00030518,0.741
0.00030518,0.742
0.00030518,0.743
0.00030518,0.744
0.00030518,0.745
0.00030518,0.746
0.00030518,0.747
0.00030518,0.748
0.00030518,0.749
0.00030518,0.75
0.00030518,0.751
0.00024414,0.752
0.00024414,0.753
0.00024414,0.754
0.00024414,0.755
0.00024414,0.756
0.00024414,0.757
0.00024414,0.758
0.00024414,0.759
0.00024414,0.76
0.00024414,0.761
0.00024414,0.762
0.00024414,0.763
0.00024414,0.764
0.00024414,0.765
0.00024414,0.766
0.00024414,0.767
0.00024414,0.768
0.00024414,0.769
0.00024414,0.77
0.00024414,0.771
0.00024414,0.772
0.00024414,0.773
0.00024414,0.774
0.00024414,0.775
0.00018311,0.776
0.00018311,0.777
0.00018311,0.778
0.00018311,0.779
0.00018311,0.78
0.00018311,0.781
0.00018311,0.782
0.00018311,0.783
0.00018311,0.784
0.00018311,0.785
0.00018311,0.786
0.00018311,0.787
0.00018311,0.788
0.00018311,0.789
0.00018311,0.79
0.00018311,0.791
0.00018311,0.792
0.00018311,0.793
0.00018311,0.794
0.00018311,0.795
0.00018311,0.796
0.00018311,0.797
0.00018311,0.798
0.00018311,0.799
0.00018311,0.8
0.00018311,0.801
0.00018311,0.802
0.00018311,0.803
0.00018311,0.804
0.00018311,0.805
0.00018311,0.806
0.00018311,0.807
0.00018311,0.808
0.00018311,0.809
0.00018311,0.81
0.00018311,0.811
0.00018311,0.812
0.00018311,0.813
0.00012207,0.814
0.00012207,0.815
0.00012207,0.816
0.00012207,0.817
0.00012207,0.818
0.00012207,0.819
0.00012207,0.82
0.00012207,0.821
0.00012207,0.822
0.00012207,0.823
0.00012207,0.824
0.00012207,0.825
0.00012207,0.826
0.00012207,0.827
0.00012207,0.828
0.00012207,0.829
0.00012207,0.83
0.00012207,0.831
0.00012207,0.832
0.00012207,0.833
0.00012207,0.834
0.00012207,0.835
0.00012207,0.836
0.00012207,0.837
0.00012207,0.838
0.00012207,0.839
0.00012207,0.84
0.00012207,0.841
0.00012207,0.842
0.00012207,0.843
0.00012207,0.844
0.00012207,0.845
0.00012207,0.846
0.00012207,0.847
0.00012207,0.848
0.00012207,0.849
0.00012207,0.85
0.00012207,0.851
0.00012207,0.852
0.00012207,0.853
0.00012207,0.854
0.00012207,0.855
0.00012207,0.856
0.00012207,0.857
0.00012207,0.858
0.00012207,0.859
0.00012207,0.86
0.00012207,0.861
0.00012207,0.862
0.00012207,0.863
0.00012207,0.864
0.00012207,0.865
0.00012207,0.866
0.00012207,0.867
0.00012207,0.868
0.00012207,0.869
0.00012207,0.87
6.1035e-05,0.871
6.1035e-05,0.872
6.1035e-05,0.873
6.1035e-05,0.874
6.1035e-05,0.875
6.1035e-05,0.876
6.1035e-05,0.877
6.1035e-05,0.878
6.1035e-05,0.879
6.1035e-05,0.88
6.1035e-05,0.881
6.1035e-05,0.882
6.1035e-05,0.883
6.1035e-05,0.884
6.1035e-05,0.885
6.1035e-05,0.886
6.1035e-05,0.887
6.1035e-05,0.888
6.1035e-05,0.889
6.1035e-05,0.89
6.1035e-05,0.891
6.1035e-05,0.892
6.1035e-05,0.893
6.1035e-05,0.894
6.1035e-05,0.895
6.1035e-05,0.896
6.1035e-05,0.897
6.1035e-05,0.898
6.1035e-05,0.899
6.1035e-05,0.9
6.1035e-05,0.901
6.1035e-05,0.902
6.1035e-05,0.903
6.1035e-05,0.904
6.1035e-05,0.905
6.1035e-05,0.906
6.1035e-05,0.907
6.1035e-05,0.908
6.1035e-05,0.909
6.1035e-05,0.91
6.1035e-05,0.911
6.1035e-05,0.912
6.1035e-05,0.913
6.1035e-05,0.914
6.1035e-05,0.915
6.1035e-05,0.916
6.1035e-05,0.917
6.1035e-05,0.918
6.1035e-05,0.919
6.1035e-05,0.92
6.1035e-05,0.921
6.1035e-05,0.922
6.1035e-05,0.923
6.1035e-05,0.924
6.1035e-05,0.925
6.1035e-05,0.926
6.1035e-05,0.927
6.1035e-05,0.928
6.1035e-05,0.929
6.1035e-05,0.93
6.1035e-05,0.931
6.1035e-05,0.932
6.1035e-05,0.933
6.1035e-05,0.934
6.1035e-05,0.935
6.1035e-05,0.936
6.1035e-05,0.937
6.1035e-05,0.938
6.1035e-05,0.939
6.1035e-05,0.94
6.1035e-05,0.941
6.1035e-05,0.942
6.1035e-05,0.943
6.1035e-05,0.944
6.1035e-05,0.945
6.1035e-05,0.946
6.1035e-05,0.947
6.1035e-05,0.948
6.1035e-05,0.949
6.1035e-05,0.95
6.1035e-05,0.951
6.1035e-05,0.952
6.1035e-05,0.953
6.1035e-05,0.954
6.1035e-05,0.955
6.1035e-05,0.956
6.1035e-05,0.957
6.1035e-05,0.958
6.1035e-05,0.959
6.1035e-05,0.96
6.1035e-05,0.961
6.1035e-05,0.962
6.1035e-05,0.963
6.1035e-05,0.964
6.1035e-05,0.965
6.1035e-05,0.966
6.1035e-05,0.967
6.1035e-05,0.968
6.1035e-05,0.969
6.1035e-05,0.97
6.1035e-05,0.971
6.1035e-05,0.972
6.1035e-05,0.973
6.1035e-05,0.974
6.1035e-05,0.975
6.1035e-05,0.976
6.1035e-05,0.977
6.1035e-05,0.978
6.1035e-05,0.979
6.1035e-05,0.98
6.1035e-05,0.981
6.1035e-05,0.982
6.1035e-05,0.983
6.1035e-05,0.984
6.1035e-05,0.985
6.1035e-05,0.986
6.1035e-05,0.987
6.1035e-05,0.988
6.1035e-05,0.989
6.1035e-05,0.99
6.1035e-05,0.991
6.1035e-05,0.992
6.1035e-05,0.993
6.1035e-05,0.994
6.1035e-05,0.995
6.1035e-05,0.996
6.1035e-05,0.997
6.1035e-05,0.998
6.1035e-05,0.999
6.1035e-05,1
