0.82031,0.001
0.79297,0.002
0.78906,0.003
0.78906,0.004
0.78125,0.005
0.77734,0.006
0.76953,0.007
0.75391,0.008
0.75,0.009
0.74219,0.01
0.74219,0.011
0.73828,0.012
0.72656,0.013
0.72266,0.014
0.71875,0.015
0.71094,0.016
0.71094,0.017
0.69922,0.018
0.6875,0.019
0.68359,0.02
0.68359,0.021
0.67969,0.022
0.67969,0.023
0.67188,0.024
0.66016,0.025
0.66016,0.026
0.66016,0.027
0.65625,0.028
0.65625,0.029
0.64453,0.03
0.63672,0.031
0.63281,0.032
0.63281,0.033
0.625,0.034
0.625,0.035
0.62109,0.036
0.61719,0.037
0.61719,0.038
0.60938,0.039
0.60547,0.04
0.60547,0.041
0.60156,0.042
0.60156,0.043
0.60156,0.044
0.59766,0.045
0.59375,0.046
0.58984,0.047
0.58984,0.048
0.58984,0.049
0.58984,0.05
0.57813,0.051
0.57813,0.052
0.57813,0.053
0.57422,0.054
0.57031,0.055
0.57031,0.056
0.55859,0.057
0.55469,0.058
0.55469,0.059
0.55078,0.06
0.55078,0.061
0.55078,0.062
0.54688,0.063
0.54688,0.064
0.54297,0.065
0.53906,0.066
0.53906,0.067
0.53906,0.068
0.52734,0.069
0.52344,0.07
0.51953,0.071
0.51563,0.072
0.51563,0.073
0.51563,0.074
0.51172,0.075
0.51172,0.076
0.50781,0.077
0.50391,0.078
0.5,0.079
0.49609,0.08
0.49609,0.081
0.49219,0.082
0.49219,0.083
0.49219,0.084
0.49219,0.085
0.48828,0.086
0.48438,0.087
0.48047,0.088
0.47656,0.089
0.47266,0.09
0.47266,0.091
0.47266,0.092
0.46484,0.093
0.46094,0.094
0.45313,0.095
0.44922,0.096
0.44531,0.097
0.4375,0.098
0.42969,0.099
0.42969,0.1
0.42969,0.101
0.42969,0.102
0.42578,0.103
0.42188,0.104
0.42188,0.105
0.41406,0.106
0.41016,0.107
0.40625,0.108
0.40234,0.109
0.40234,0.11
0.40234,0.111
0.39844,0.112
0.39453,0.113
0.39453,0.114
0.39063,0.115
0.39063,0.116
0.39063,0.117
0.39063,0.118
0.38672,0.119
0.38672,0.12
0.38672,0.121
0.38672,0.122
0.38281,0.123
0.38281,0.124
0.38281,0.125
0.37891,0.126
0.37891,0.127
0.37891,0.128
0.375,0.129
0.375,0.13
0.375,0.131
0.37109,0.132
0.37109,0.133
0.37109,0.134
0.37109,0.135
0.36719,0.136
0.36328,0.137
0.36328,0.138
0.36328,0.139
0.36328,0.14
0.35547,0.141
0.35547,0.142
0.35156,0.143
0.34766,0.144
0.34375,0.145
0.34375,0.146
0.34375,0.147
0.33984,0.148
0.33594,0.149
0.33594,0.15
0.33594,0.151
0.32813,0.152
0.32813,0.153
0.32813,0.154
0.32813,0.155
0.32422,0.156
0.32422,0.157
0.32031,0.158
0.32031,0.159
0.32031,0.16
0.32031,0.161
0.3125,0.162
0.30859,0.163
0.30859,0.164
0.30469,0.165
0.30469,0.166
0.30078,0.167
0.30078,0.168
0.29297,0.169
0.29297,0.17
0.29297,0.171
0.28906,0.172
0.28906,0.173
0.28516,0.174
0.28516,0.175
0.28516,0.176
0.28516,0.177
0.28516,0.178
0.28125,0.179
0.28125,0.18
0.28125,0.181
0.28125,0.182
0.28125,0.183
0.27734,0.184
0.27734,0.185
0.27734,0.186
0.27734,0.187
0.27734,0.188
0.27344,0.189
0.27344,0.19
0.27344,0.191
0.27344,0.192
0.26953,0.193
0.26953,0.194
0.26953,0.195
0.26172,0.196
0.26172,0.197
0.25781,0.198
0.25781,0.199
0.25781,0.2
0.25781,0.201
0.25391,0.202
0.25391,0.203
0.25391,0.204
0.25391,0.205
0.25391,0.206
0.25391,0.207
0.25391,0.208
0.25,0.209
0.25,0.21
0.25,0.211
0.25,0.212
0.25,0.213
0.24609,0.214
0.24219,0.215
0.24219,0.216
0.23828,0.217
0.23828,0.218
0.23828,0.219
0.23047,0.22
0.23047,0.221
0.23047,0.222
0.23047,0.223
0.23047,0.224
0.22656,0.225
0.22266,0.226
0.22266,0.227
0.22266,0.228
0.22266,0.229
0.22266,0.23
0.21875,0.231
0.21875,0.232
0.21875,0.233
0.21875,0.234
0.21875,0.235
0.21875,0.236
0.21875,0.237
0.21484,0.238
0.21484,0.239
0.21094,0.24
0.21094,0.241
0.21094,0.242
0.20703,0.243
0.20703,0.244
0.20703,0.245
0.20703,0.246
0.20703,0.247
0.20313,0.248
0.20313,0.249
0.20313,0.25
0.20313,0.251
0.20313,0.252
0.20313,0.253
0.20313,0.254
0.19922,0.255
0.19922,0.256
0.19922,0.257
0.19531,0.258
0.19531,0.259
0.19531,0.26
0.19531,0.261
0.19531,0.262
0.19141,0.263
0.19141,0.264
0.19141,0.265
0.19141,0.266
0.19141,0.267
0.19141,0.268
0.19141,0.269
0.19141,0.27
0.1875,0.271
0.1875,0.272
0.1875,0.273
0.1875,0.274
0.18359,0.275
0.18359,0.276
0.17969,0.277
0.17578,0.278
0.17578,0.279
0.17578,0.28
0.17578,0.281
0.17578,0.282
0.17188,0.283
0.17188,0.284
0.17188,0.285
0.17188,0.286
0.17188,0.287
0.17188,0.288
0.16797,0.289
0.16797,0.29
0.16797,0.291
0.16797,0.292
0.16797,0.293
0.16406,0.294
0.16406,0.295
0.16016,0.296
0.16016,0.297
0.15625,0.298
0.15625,0.299
0.15625,0.3
0.15625,0.301
0.15234,0.302
0.15234,0.303
0.15234,0.304
0.15234,0.305
0.15234,0.306
0.15234,0.307
0.14844,0.308
0.14844,0.309
0.14844,0.31
0.14844,0.311
0.14844,0.312
0.14844,0.313
0.14844,0.314
0.14844,0.315
0.14844,0.316
0.14844,0.317
0.14844,0.318
0.14844,0.319
0.14453,0.32
0.14453,0.321
0.14453,0.322
0.14063,0.323
0.14063,0.324
0.14063,0.325
0.13672,0.326
0.13672,0.327
0.13672,0.328
0.13672,0.329
0.13672,0.33
0.13672,0.331
0.13672,0.332
0.13281,0.333
0.13281,0.334
0.13281,0.335
0.13281,0.336
0.13281,0.337
0.12891,0.338
0.12891,0.339
0.12891,0.34
0.125,0.341
0.125,0.342
0.125,0.343
0.125,0.344
0.125,0.345
0.12109,0.346
0.12109,0.347
0.12109,0.348
0.12109,0.349
0.12109,0.35
0.12109,0.351
0.12109,0.352
0.12109,0.353
0.12109,0.354
0.12109,0.355
0.12109,0.356
0.12109,0.357
0.11719,0.358
0.11719,0.359
0.11719,0.36
0.11719,0.361
0.11719,0.362
0.11719,0.363
0.11719,0.364
0.11719,0.365
0.11719,0.366
0.11719,0.367
0.11328,0.368
0.11328,0.369
0.11328,0.37
0.11328,0.371
0.11328,0.372
0.11328,0.373
0.10938,0.374
0.10938,0.375
0.10938,0.376
0.10938,0.377
0.10938,0.378
0.10938,0.379
0.10938,0.38
0.10938,0.381
0.10938,0.382
0.10547,0.383
0.10547,0.384
0.10547,0.385
0.10547,0.386
0.10547,0.387
0.10547,0.388
0.10547,0.389
0.10156,0.39
0.10156,0.391
0.10156,0.392
0.10156,0.393
0.10156,0.394
0.10156,0.395
0.10156,0.396
0.10156,0.397
0.10156,0.398
0.10156,0.399
0.097656,0.4
0.097656,0.401
0.097656,0.402
0.097656,0.403
0.097656,0.404
0.097656,0.405
0.097656,0.406
0.097656,0.407
0.09375,0.408
0.09375,0.409
0.09375,0.41
0.09375,0.411
0.09375,0.412
0.09375,0.413
0.09375,0.414
0.089844,0.415
0.089844,0.416
0.089844,0.417
0.089844,0.418
0.089844,0.419
0.089844,0.42
0.089844,0.421
0.089844,0.422
0.089844,0.423
0.089844,0.424
0.085938,0.425
0.085938,0.426
0.085938,0.427
0.085938,0.428
0.085938,0.429
0.085938,0.43
0.085938,0.431
0.085938,0.432
0.085938,0.433
0.085938,0.434
0.085938,0.435
0.085938,0.436
0.085938,0.437
0.082031,0.438
0.082031,0.439
0.082031,0.44
0.082031,0.441
0.082031,0.442
0.082031,0.443
0.082031,0.444
0.082031,0.445
0.082031,0.446
0.082031,0.447
0.082031,0.448
0.082031,0.449
0.082031,0.45
0.082031,0.451
0.078125,0.452
0.078125,0.453
0.078125,0.454
0.078125,0.455
0.078125,0.456
0.078125,0.457
0.078125,0.458
0.078125,0.459
0.074219,0.46
0.074219,0.461
0.074219,0.462
0.074219,0.463
0.074219,0.464
0.074219,0.465
0.074219,0.466
0.074219,0.467
0.074219,0.468
0.074219,0.469
0.074219,0.47
0.074219,0.471
0.070313,0.472
0.070313,0.473
0.070313,0.474
0.070313,0.475
0.070313,0.476
0.070313,0.477
0.070313,0.478
0.070313,0.479
0.070313,0.48
0.070313,0.481
0.066406,0.482
0.066406,0.483
0.066406,0.484
0.066406,0.485
0.066406,0.486
0.066406,0.487
0.066406,0.488
0.066406,0.489
0.066406,0.49
0.066406,0.491
0.066406,0.492
0.066406,0.493
0.066406,0.494
0.066406,0.495
0.066406,0.496
0.0625,0.497
0.0625,0.498
0.0625,0.499
0.0625,0.5
0.0625,0.501
0.0625,0.502
0.0625,0.503
0.058594,0.504
0.058594,0.505
0.058594,0.506
0.058594,0.507
0.058594,0.508
0.058594,0.509
0.058594,0.51
0.058594,0.511
0.058594,0.512
0.058594,0.513
0.058594,0.514
0.058594,0.515
0.054688,0.516
0.054688,0.517
0.054688,0.518
0.054688,0.519
0.054688,0.52
0.054688,0.521
0.054688,0.522
0.054688,0.523
0.054688,0.524
0.054688,0.525
0.050781,0.526
0.050781,0.527
0.050781,0.528
0.050781,0.529
0.050781,0.53
0.050781,0.531
0.050781,0.532
0.050781,0.533
0.050781,0.534
0.050781,0.535
0.050781,0.536
0.050781,0.537
0.050781,0.538
0.050781,0.539
0.050781,0.54
0.046875,0.541
0.046875,0.542
0.046875,0.543
0.046875,0.544
0.046875,0.545
0.046875,0.546
0.046875,0.547
0.046875,0.548
0.046875,0.549
0.046875,0.55
0.046875,0.551
0.046875,0.552
0.046875,0.553
0.046875,0.554
0.046875,0.555
0.046875,0.556
0.046875,0.557
0.042969,0.558
0.042969,0.559
0.042969,0.56
0.042969,0.561
0.042969,0.562
0.042969,0.563
0.042969,0.564
0.042969,0.565
0.042969,0.566
0.042969,0.567
0.042969,0.568
0.042969,0.569
0.042969,0.57
0.039063,0.571
0.039063,0.572
0.039063,0.573
0.039063,0.574
0.039063,0.575
0.039063,0.576
0.039063,0.577
0.039063,0.578
0.039063,0.579
0.039063,0.58
0.039063,0.581
0.039063,0.582
0.039063,0.583
0.039063,0.584
0.039063,0.585
0.039063,0.586
0.039063,0.587
0.039063,0.588
0.039063,0.589
0.039063,0.59
0.039063,0.591
0.039063,0.592
0.039063,0.593
0.039063,0.594
0.035156,0.595
0.035156,0.596
0.035156,0.597
0.035156,0.598
0.035156,0.599
0.035156,0.6
0.035156,0.601
0.035156,0.602
0.035156,0.603
0.035156,0.604
0.035156,0.605
0.035156,0.606
0.035156,0.607
0.035156,0.608
0.035156,0.609
0.035156,0.61
0.035156,0.611
0.035156,0.612
0.035156,0.613
0.035156,0.614
0.035156,0.615
0.03125,0.616
0.03125,0.617
0.03125,0.618
0.03125,0.619
0.03125,0.62
0.03125,0.621
0.03125,0.622
0.03125,0.623
0.03125,0.624
0.03125,0.625
0.03125,0.626
0.03125,0.627
0.03125,0.628
0.03125,0.629
0.03125,0.63
0.03125,0.631
0.03125,0.632
0.03125,0.633
0.03125,0.634
0.03125,0.635
0.03125,0.636
0.03125,0.637
0.03125,0.638
0.027344,0.639
0.027344,0.64
0.027344,0.641
0.027344,0.642
0.027344,0.643
0.027344,0.644
0.027344,0.645
0.027344,0.646
0.027344,0.647
0.027344,0.648
0.027344,0.649
0.027344,0.65
0.027344,0.651
0.027344,0.652
0.027344,0.653
0.027344,0.654
0.027344,0.655
0.027344,0.656
0.027344,0.657
0.027344,0.658
0.027344,0.659
0.027344,0.66
0.027344,0.661
0.027344,0.662
0.027344,0.663
0.027344,0.664
0.027344,0.665
0.027344,0.666
0.027344,0.667
0.027344,0.668
0.027344,0.669
0.027344,0.67
0.027344,0.671
0.027344,0.672
0.023438,0.673
0.023438,0.674
0.023438,0.675
0.023438,0.676
0.023438,0.677
0.023438,0.678
0.023438,0.679
0.023438,0.68
0.023438,0.681
0.023438,0.682
0.023438,0.683
0.023438,0.684
0.023438,0.685
0.023438,0.686
0.023438,0.687
0.023438,0.688
0.023438,0.689
0.023438,0.69
0.023438,0.691
0.023438,0.692
0.023438,0.693
0.023438,0.694
0.023438,0.695
0.023438,0.696
0.023438,0.697
0.019531,0.698
0.019531,0.699
0.019531,0.7
0.019531,0.701
0.019531,0.702
0.019531,0.703
0.019531,0.704
0.019531,0.705
0.019531,0.706
0.019531,0.707
0.019531,0.708
0.019531,0.709
0.019531,0.71
0.019531,0.711
0.019531,0.712
0.019531,0.713
0.019531,0.714
0.019531,0.715
0.019531,0.716
0.019531,0.717
0.019531,0.718
0.019531,0.719
0.019531,0.72
0.019531,0.721
0.019531,0.722
0.015625,0.723
0.015625,0.724
0.015625,0.725
0.015625,0.726
0.015625,0.727
0.015625,0.728
0.015625,0.729
0.015625,0.73
0.015625,0.731
0.015625,0.732
0.015625,0.733
0.015625,0.734
0.015625,0.735
0.015625,0.736
0.015625,0.737
0.015625,0.738
0.015625,0.739
0.015625,0.74
0.015625,0.741
0.015625,0.742
0.015625,0.743
0.015625,0.744
0.015625,0.745
0.015625,0.746
0.015625,0.747
0.015625,0.748
0.015625,0.749
0.015625,0.75
0.015625,0.751
0.015625,0.752
0.015625,0.753
0.015625,0.754
0.015625,0.755
0.015625,0.756
0.015625,0.757
0.015625,0.758
0.015625,0.759
0.015625,0.76
0.015625,0.761
0.015625,0.762
0.015625,0.763
0.015625,0.764
0.015625,0.765
0.015625,0.766
0.015625,0.767
0.015625,0.768
0.015625,0.769
0.015625,0.77
0.015625,0.771
0.015625,0.772
0.015625,0.773
0.015625,0.774
0.015625,0.775
0.015625,0.776
0.015625,0.777
0.015625,0.778
0.015625,0.779
0.011719,0.78
0.011719,0.781
0.011719,0.782
0.011719,0.783
0.011719,0.784
0.011719,0.785
0.011719,0.786
0.011719,0.787
0.011719,0.788
0.011719,0.789
0.011719,0.79
0.011719,0.791
0.011719,0.792
0.011719,0.793
0.011719,0.794
0.011719,0.795
0.011719,0.796
0.011719,0.797
0.011719,0.798
0.011719,0.799
0.011719,0.8
0.011719,0.801
0.011719,0.802
0.011719,0.803
0.011719,0.804
0.011719,0.805
0.011719,0.806
0.011719,0.807
0.011719,0.808
0.011719,0.809
0.011719,0.81
0.011719,0.811
0.011719,0.812
0.011719,0.813
0.011719,0.814
0.011719,0.815
0.011719,0.816
0.011719,0.817
0.011719,0.818
0.011719,0.819
0.011719,0.82
0.011719,0.821
0.0078125,0.822
0.0078125,0.823
0.0078125,0.824
0.0078125,0.825
0.0078125,0.826
0.0078125,0.827
0.0078125,0.828
0.0078125,0.829
0.0078125,0.83
0.0078125,0.831
0.0078125,0.832
0.0078125,0.833
0.0078125,0.834
0.0078125,0.835
0.0078125,0.836
0.0078125,0.837
0.0078125,0.838
0.0078125,0.839
0.0078125,0.84
0.0078125,0.841
0.0078125,0.842
0.0078125,0.843
0.0078125,0.844
0.0078125,0.845
0.0078125,0.846
0.0078125,0.847
0.0078125,0.848
0.0078125,0.849
0.0078125,0.85
0.0078125,0.851
0.0078125,0.852
0.0078125,0.853
0.0078125,0.854
0.0078125,0.855
0.0078125,0.856
0.0078125,0.857
0.0078125,0.858
0.0078125,0.859
0.0078125,0.86
0.0078125,0.861
0.0078125,0.862
0.0078125,0.863
0.0078125,0.864
0.0078125,0.865
0.0078125,0.866
0.0078125,0.867
0.0078125,0.868
0.0078125,0.869
0.0078125,0.87
0.0078125,0.871
0.0078125,0.872
0.0078125,0.873
0.0078125,0.874
0.0078125,0.875
0.0078125,0.876
0.0078125,0.877
0.0078125,0.878
0.0078125,0.879
0.0078125,0.88
0.0078125,0.881
0.0078125,0.882
0.0039063,0.883
0.0039063,0.884
0.0039063,0.885
0.0039063,0.886
0.0039063,0.887
0.0039063,0.888
0.0039063,0.889
0.0039063,0.89
0.0039063,0.891
0.0039063,0.892
0.0039063,0.893
0.0039063,0.894
0.0039063,0.895
0.0039063,0.896
0.0039063,0.897
0.0039063,0.898
0.0039063,0.899
0.0039063,0.9
0.0039063,0.901
0.0039063,0.902
0.0039063,0.903
0.0039063,0.904
0.0039063,0.905
0.0039063,0.906
0.0039063,0.907
0.0039063,0.908
0.0039063,0.909
0.0039063,0.91
0.0039063,0.911
0.0039063,0.912
0.0039063,0.913
0.0039063,0.914
0.0039063,0.915
0.0039063,0.916
0.0039063,0.917
0.0039063,0.918
0.0039063,0.919
0.0039063,0.92
0.0039063,0.921
0.0039063,0.922
0.0039063,0.923
0.0039063,0.924
0.0039063,0.925
0.0039063,0.926
0.0039063,0.927
0.0039063,0.928
0.0039063,0.929
0.0039063,0.93
0.0039063,0.931
0.0039063,0.932
0.0039063,0.933
0.0039063,0.934
0.0039063,0.935
0.0039063,0.936
0.0039063,0.937
0.0039063,0.938
0.0039063,0.939
0.0039063,0.94
0.0039063,0.941
0.0039063,0.942
0.0039063,0.943
0.0039063,0.944
0.0039063,0.945
0.0039063,0.946
0.0039063,0.947
0.0039063,0.948
0.0039063,0.949
0.0039063,0.95
0.0039063,0.951
0.0039063,0.952
0.0039063,0.953
0.0039063,0.954
0.0039063,0.955
0.0039063,0.956
0.0039063,0.957
0.0039063,0.958
0.0039063,0.959
0.0039063,0.96
0.0039063,0.961
0.0039063,0.962
0.0039063,0.963
0.0039063,0.964
0.0039063,0.965
0.0039063,0.966
0.0039063,0.967
0.0039063,0.968
0.0039063,0.969
0.0039063,0.97
0.0039063,0.971
0.0039063,0.972
0.0039063,0.973
0.0039063,0.974
0.0039063,0.975
0.0039063,0.976
0.0039063,0.977
0.0039063,0.978
0.0039063,0.979
0.0039063,0.98
0.0039063,0.981
0.0039063,0.982
0.0039063,0.983
0.0039063,0.984
0.0039063,0.985
0.0039063,0.986
0.0039063,0.987
0.0039063,0.988
0.0039063,0.989
0.0039063,0.99
0.0039063,0.991
0.0039063,0.992
0.0039063,0.993
0.0039063,0.994
0.0039063,0.995
0.0039063,0.996
0.0039063,0.997
0.0039063,0.998
0.0039063,0.999
0.0039063,1
