0.81372,0.001
0.81158,0.002
0.78192,0.003
0.7774,0.004
0.77594,0.005
0.75458,0.006
0.75238,0.007
0.74365,0.008
0.72827,0.009
0.72351,0.01
0.71814,0.011
0.7113,0.012
0.70972,0.013
0.7049,0.014
0.70459,0.015
0.70313,0.016
0.6955,0.017
0.69012,0.018
0.68665,0.019
0.68658,0.02
0.6861,0.021
0.68439,0.022
0.68256,0.023
0.68091,0.024
0.6803,0.025
0.6778,0.026
0.67651,0.027
0.67505,0.028
0.67255,0.029
0.67065,0.03
0.6701,0.031
0.65839,0.032
0.6582,0.033
0.65704,0.034
0.65625,0.035
0.65436,0.036
0.65405,0.037
0.64911,0.038
0.64868,0.039
0.6474,0.04
0.64709,0.041
0.64606,0.042
0.64362,0.043
0.64337,0.044
0.64337,0.045
0.64233,0.046
0.64197,0.047
0.6413,0.048
0.6405,0.049
0.63892,0.05
0.63879,0.051
0.63641,0.052
0.6358,0.053
0.63086,0.054
0.63037,0.055
0.6283,0.056
0.62567,0.057
0.62415,0.058
0.62,0.059
0.61957,0.06
0.61938,0.061
0.61713,0.062
0.617,0.063
0.61658,0.064
0.61591,0.065
0.6153,0.066
0.61414,0.067
0.61182,0.068
0.61023,0.069
0.6073,0.07
0.60712,0.071
0.60632,0.072
0.60577,0.073
0.60516,0.074
0.60193,0.075
0.59967,0.076
0.59949,0.077
0.59741,0.078
0.5968,0.079
0.59601,0.08
0.59601,0.081
0.59418,0.082
0.59247,0.083
0.58942,0.084
0.58893,0.085
0.58765,0.086
0.58551,0.087
0.58527,0.088
0.58374,0.089
0.58282,0.09
0.5824,0.091
0.57782,0.092
0.57642,0.093
0.5744,0.094
0.57349,0.095
0.57227,0.096
0.57172,0.097
0.56842,0.098
0.56665,0.099
0.56335,0.1
0.56305,0.101
0.56091,0.102
0.56036,0.103
0.55707,0.104
0.55322,0.105
0.55035,0.106
0.54901,0.107
0.54883,0.108
0.54822,0.109
0.54053,0.11
0.54022,0.111
0.53027,0.112
0.53003,0.113
0.52997,0.114
0.5274,0.115
0.52716,0.116
0.52563,0.117
0.52448,0.118
0.52441,0.119
0.51959,0.12
0.51666,0.121
0.5163,0.122
0.51593,0.123
0.51251,0.124
0.51038,0.125
0.50598,0.126
0.50513,0.127
0.50476,0.128
0.50421,0.129
0.50391,0.13
0.49951,0.131
0.49921,0.132
0.49408,0.133
0.49323,0.134
0.49292,0.135
0.49286,0.136
0.48639,0.137
0.4856,0.138
0.4823,0.139
0.48077,0.14
0.48077,0.141
0.47778,0.142
0.47363,0.143
0.47357,0.144
0.46631,0.145
0.46295,0.146
0.45959,0.147
0.45703,0.148
0.45563,0.149
0.45142,0.15
0.44391,0.151
0.44342,0.152
0.43512,0.153
0.43201,0.154
0.43164,0.155
0.43121,0.156
0.42883,0.157
0.42566,0.158
0.41595,0.159
0.41406,0.16
0.41357,0.161
0.4129,0.162
0.41064,0.163
0.40753,0.164
0.40601,0.165
0.40588,0.166
0.39941,0.167
0.39447,0.168
0.39313,0.169
0.3913,0.17
0.39069,0.171
0.38708,0.172
0.38654,0.173
0.38416,0.174
0.38129,0.175
0.37866,0.176
0.37787,0.177
0.37292,0.178
0.37244,0.179
0.37195,0.18
0.36981,0.181
0.36877,0.182
0.36615,0.183
0.36462,0.184
0.36041,0.185
0.36035,0.186
0.35944,0.187
0.35901,0.188
0.35114,0.189
0.34558,0.19
0.34027,0.191
0.33936,0.192
0.33484,0.193
0.3327,0.194
0.33185,0.195
0.33044,0.196
0.32953,0.197
0.32434,0.198
0.32367,0.199
0.32013,0.2
0.31104,0.201
0.31018,0.202
0.30322,0.203
0.30109,0.204
0.30103,0.205
0.29883,0.206
0.29175,0.207
0.28973,0.208
0.28918,0.209
0.28833,0.21
0.28796,0.211
0.2865,0.212
0.28394,0.213
0.28345,0.214
0.28333,0.215
0.28284,0.216
0.27863,0.217
0.2774,0.218
0.27625,0.219
0.27478,0.22
0.27039,0.221
0.27002,0.222
0.26965,0.223
0.26935,0.224
0.26917,0.225
0.26666,0.226
0.26605,0.227
0.26587,0.228
0.25586,0.229
0.25439,0.23
0.2533,0.231
0.25031,0.232
0.24774,0.233
0.23944,0.234
0.23846,0.235
0.23798,0.236
0.23682,0.237
0.23608,0.238
0.2356,0.239
0.23352,0.24
0.23206,0.241
0.22784,0.242
0.22717,0.243
0.22668,0.244
0.22638,0.245
0.22357,0.246
0.21747,0.247
0.21484,0.248
0.2132,0.249
0.21002,0.25
0.20935,0.251
0.20618,0.252
0.19556,0.253
0.19495,0.254
0.19098,0.255
0.19,0.256
0.18787,0.257
0.18781,0.258
0.18158,0.259
0.18158,0.26
0.17181,0.261
0.17157,0.262
0.16956,0.263
0.16803,0.264
0.16687,0.265
0.16388,0.266
0.1626,0.267
0.16229,0.268
0.16113,0.269
0.15863,0.27
0.15491,0.271
0.15338,0.272
0.1524,0.273
0.14868,0.274
0.14697,0.275
0.1449,0.276
0.14374,0.277
0.13489,0.278
0.13251,0.279
0.13055,0.28
0.12976,0.281
0.12891,0.282
0.12811,0.283
0.12756,0.284
0.12598,0.285
0.12207,0.286
0.12006,0.287
0.11932,0.288
0.1178,0.289
0.11682,0.29
0.11517,0.291
0.11432,0.292
0.11182,0.293
0.11157,0.294
0.11133,0.295
0.11072,0.296
0.11017,0.297
0.10693,0.298
0.10602,0.299
0.10565,0.3
0.10492,0.301
0.10309,0.302
0.10016,0.303
0.10004,0.304
0.097961,0.305
0.097107,0.306
0.096863,0.307
0.095459,0.308
0.095093,0.309
0.094788,0.31
0.094238,0.311
0.094238,0.312
0.092468,0.313
0.092224,0.314
0.090332,0.315
0.090332,0.316
0.086731,0.317
0.086731,0.318
0.08667,0.319
0.086487,0.32
0.082153,0.321
0.081543,0.322
0.081482,0.323
0.08136,0.324
0.08136,0.325
0.080994,0.326
0.080017,0.327
0.079468,0.328
0.077148,0.329
0.076904,0.33
0.075989,0.331
0.073242,0.332
0.072205,0.333
0.072205,0.334
0.071716,0.335
0.071167,0.336
0.069519,0.337
0.068604,0.338
0.068298,0.339
0.067871,0.34
0.067383,0.341
0.066711,0.342
0.066162,0.343
0.065063,0.344
0.064575,0.345
0.064209,0.346
0.063477,0.347
0.061584,0.348
0.060059,0.349
0.05896,0.35
0.057739,0.351
0.05603,0.352
0.052063,0.353
0.050781,0.354
0.050537,0.355
0.049866,0.356
0.046631,0.357
0.046204,0.358
0.044556,0.359
0.044495,0.36
0.042908,0.361
0.041931,0.362
0.041199,0.363
0.039551,0.364
0.037659,0.365
0.037537,0.366
0.037292,0.367
0.036133,0.368
0.035889,0.369
0.035339,0.37
0.03418,0.371
0.034119,0.372
0.03302,0.373
0.032959,0.374
0.032654,0.375
0.03186,0.376
0.030396,0.377
0.030396,0.378
0.030151,0.379
0.029358,0.38
0.028503,0.381
0.027954,0.382
0.027527,0.383
0.026855,0.384
0.024719,0.385
0.024719,0.386
0.024475,0.387
0.024353,0.388
0.024231,0.389
0.02417,0.39
0.023376,0.391
0.022644,0.392
0.022644,0.393
0.022583,0.394
0.02124,0.395
0.021179,0.396
0.021179,0.397
0.020874,0.398
0.019897,0.399
0.01947,0.4
0.019409,0.401
0.019043,0.402
0.019043,0.403
0.018555,0.404
0.018372,0.405
0.01825,0.406
0.01825,0.407
0.018066,0.408
0.017822,0.409
0.017517,0.41
0.017212,0.411
0.016602,0.412
0.016602,0.413
0.016479,0.414
0.015991,0.415
0.015991,0.416
0.015747,0.417
0.015442,0.418
0.015442,0.419
0.01532,0.42
0.015076,0.421
0.015015,0.422
0.014404,0.423
0.01416,0.424
0.014099,0.425
0.014099,0.426
0.013916,0.427
0.013855,0.428
0.013855,0.429
0.013672,0.43
0.013428,0.431
0.013367,0.432
0.013123,0.433
0.013062,0.434
0.012695,0.435
0.012634,0.436
0.012573,0.437
0.012573,0.438
0.01239,0.439
0.01239,0.44
0.012207,0.441
0.012207,0.442
0.012207,0.443
0.012085,0.444
0.011902,0.445
0.011902,0.446
0.01178,0.447
0.011719,0.448
0.011719,0.449
0.011536,0.45
0.01123,0.451
0.011108,0.452
0.010864,0.453
0.010559,0.454
0.010559,0.455
0.010376,0.456
0.010376,0.457
0.010071,0.458
0.0097656,0.459
0.0097046,0.46
0.0097046,0.461
0.0095215,0.462
0.0095215,0.463
0.0094604,0.464
0.0093994,0.465
0.0093994,0.466
0.0092163,0.467
0.0092163,0.468
0.0090942,0.469
0.0090332,0.47
0.0090332,0.471
0.0089722,0.472
0.0089111,0.473
0.0087891,0.474
0.0084839,0.475
0.0084839,0.476
0.0083618,0.477
0.0083008,0.478
0.0082397,0.479
0.0079346,0.48
0.0078735,0.481
0.0078125,0.482
0.0076294,0.483
0.0073853,0.484
0.0073853,0.485
0.0072021,0.486
0.006958,0.487
0.0068359,0.488
0.0067139,0.489
0.0067139,0.49
0.0067139,0.491
0.0065308,0.492
0.0065308,0.493
0.0064087,0.494
0.0064087,0.495
0.0063477,0.496
0.0062256,0.497
0.0062256,0.498
0.0059204,0.499
0.0057373,0.5
0.0056763,0.501
0.0055542,0.502
0.0054932,0.503
0.0054321,0.504
0.0054321,0.505
0.0053711,0.506
0.0053101,0.507
0.005249,0.508
0.005188,0.509
0.005188,0.51
0.0050049,0.511
0.0050049,0.512
0.0050049,0.513
0.0049438,0.514
0.0048218,0.515
0.0047607,0.516
0.0046997,0.517
0.0045776,0.518
0.0045166,0.519
0.0045166,0.52
0.0044556,0.521
0.0042725,0.522
0.0042114,0.523
0.0041504,0.524
0.0041504,0.525
0.0041504,0.526
0.0040894,0.527
0.0040283,0.528
0.0040283,0.529
0.0039673,0.53
0.0039673,0.531
0.0039063,0.532
0.0038452,0.533
0.0038452,0.534
0.0038452,0.535
0.0037842,0.536
0.0037231,0.537
0.0037231,0.538
0.0037231,0.539
0.0036011,0.54
0.00354,0.541
0.00354,0.542
0.003479,0.543
0.003479,0.544
0.003418,0.545
0.003418,0.546
0.0033569,0.547
0.0033569,0.548
0.0032959,0.549
0.0032349,0.55
0.0032349,0.551
0.0032349,0.552
0.0031738,0.553
0.0031738,0.554
0.0031128,0.555
0.0030518,0.556
0.0030518,0.557
0.0030518,0.558
0.0030518,0.559
0.0030518,0.56
0.0029907,0.561
0.0029907,0.562
0.0029297,0.563
0.0028687,0.564
0.0028076,0.565
0.0028076,0.566
0.0028076,0.567
0.0027466,0.568
0.0026855,0.569
0.0026855,0.57
0.0026855,0.571
0.0026855,0.572
0.0025635,0.573
0.0025635,0.574
0.0025635,0.575
0.0025635,0.576
0.0024414,0.577
0.0024414,0.578
0.0024414,0.579
0.0024414,0.58
0.0024414,0.581
0.0023804,0.582
0.0022583,0.583
0.0022583,0.584
0.0021973,0.585
0.0021973,0.586
0.0021973,0.587
0.0021973,0.588
0.0021362,0.589
0.0021362,0.59
0.0020142,0.591
0.0020142,0.592
0.0019531,0.593
0.0019531,0.594
0.0019531,0.595
0.0018921,0.596
0.0018921,0.597
0.0018921,0.598
0.0018921,0.599
0.0018311,0.6
0.00177,0.601
0.001709,0.602
0.001709,0.603
0.001709,0.604
0.001709,0.605
0.0016479,0.606
0.0016479,0.607
0.0016479,0.608
0.0016479,0.609
0.0016479,0.61
0.0016479,0.611
0.0015869,0.612
0.0015869,0.613
0.0015259,0.614
0.0014648,0.615
0.0014648,0.616
0.0014648,0.617
0.0014648,0.618
0.0014648,0.619
0.0014648,0.62
0.0014038,0.621
0.0014038,0.622
0.0014038,0.623
0.0014038,0.624
0.0013428,0.625
0.0013428,0.626
0.0013428,0.627
0.0013428,0.628
0.0013428,0.629
0.0012817,0.63
0.0012817,0.631
0.0012817,0.632
0.0012817,0.633
0.0012817,0.634
0.0012817,0.635
0.0012817,0.636
0.0012207,0.637
0.0012207,0.638
0.0012207,0.639
0.0011597,0.64
0.0011597,0.641
0.0011597,0.642
0.0011597,0.643
0.0011597,0.644
0.0010986,0.645
0.0010986,0.646
0.0010986,0.647
0.0010986,0.648
0.0010986,0.649
0.0010986,0.65
0.0010986,0.651
0.0010376,0.652
0.0010376,0.653
0.0010376,0.654
0.0010376,0.655
0.0010376,0.656
0.0010376,0.657
0.00097656,0.658
0.00097656,0.659
0.00097656,0.66
0.00097656,0.661
0.00097656,0.662
0.00097656,0.663
0.00097656,0.664
0.00091553,0.665
0.00091553,0.666
0.00091553,0.667
0.00091553,0.668
0.00091553,0.669
0.00091553,0.67
0.00085449,0.671
0.00085449,0.672
0.00085449,0.673
0.00085449,0.674
0.00079346,0.675
0.00079346,0.676
0.00079346,0.677
0.00079346,0.678
0.00079346,0.679
0.00079346,0.68
0.00079346,0.681
0.00073242,0.682
0.00073242,0.683
0.00073242,0.684
0.00073242,0.685
0.00073242,0.686
0.00073242,0.687
0.00073242,0.688
0.00073242,0.689
0.00067139,0.69
0.00067139,0.691
0.00067139,0.692
0.00067139,0.693
0.00067139,0.694
0.00067139,0.695
0.00067139,0.696
0.00067139,0.697
0.00067139,0.698
0.00067139,0.699
0.00067139,0.7
0.00067139,0.701
0.00061035,0.702
0.00061035,0.703
0.00061035,0.704
0.00061035,0.705
0.00061035,0.706
0.00061035,0.707
0.00061035,0.708
0.00061035,0.709
0.00061035,0.71
0.00061035,0.711
0.00061035,0.712
0.00061035,0.713
0.00054932,0.714
0.00054932,0.715
0.00054932,0.716
0.00054932,0.717
0.00054932,0.718
0.00054932,0.719
0.00054932,0.72
0.00054932,0.721
0.00054932,0.722
0.00054932,0.723
0.00054932,0.724
0.00054932,0.725
0.00054932,0.726
0.00054932,0.727
0.00054932,0.728
0.00054932,0.729
0.00054932,0.73
0.00048828,0.731
0.00048828,0.732
0.00048828,0.733
0.00048828,0.734
0.00048828,0.735
0.00048828,0.736
0.00048828,0.737
0.00048828,0.738
0.00048828,0.739
0.00048828,0.74
0.00048828,0.741
0.00048828,0.742
0.00042725,0.743
0.00042725,0.744
0.00042725,0.745
0.00042725,0.746
0.00042725,0.747
0.00042725,0.748
0.00042725,0.749
0.00042725,0.75
0.00042725,0.751
0.00042725,0.752
0.00042725,0.753
0.00042725,0.754
0.00042725,0.755
0.00042725,0.756
0.00042725,0.757
0.00042725,0.758
0.00036621,0.759
0.00036621,0.76
0.00036621,0.761
0.00036621,0.762
0.00036621,0.763
0.00036621,0.764
0.00036621,0.765
0.00036621,0.766
0.00036621,0.767
0.00036621,0.768
0.00036621,0.769
0.00036621,0.77
0.00036621,0.771
0.00036621,0.772
0.00036621,0.773
0.00036621,0.774
0.00036621,0.775
0.00030518,0.776
0.00030518,0.777
0.00030518,0.778
0.00030518,0.779
0.00030518,0.78
0.00030518,0.781
0.00030518,0.782
0.00030518,0.783
0.00030518,0.784
0.00030518,0.785
0.00030518,0.786
0.00030518,0.787
0.00030518,0.788
0.00030518,0.789
0.00030518,0.79
0.00030518,0.791
0.00030518,0.792
0.00030518,0.793
0.00030518,0.794
0.00030518,0.795
0.00030518,0.796
0.00030518,0.797
0.00030518,0.798
0.00030518,0.799
0.00030518,0.8
0.00024414,0.801
0.00024414,0.802
0.00024414,0.803
0.00024414,0.804
0.00024414,0.805
0.00024414,0.806
0.00024414,0.807
0.00024414,0.808
0.00024414,0.809
0.00024414,0.81
0.00024414,0.811
0.00024414,0.812
0.00024414,0.813
0.00024414,0.814
0.00024414,0.815
0.00024414,0.816
0.00024414,0.817
0.00024414,0.818
0.00024414,0.819
0.00024414,0.82
0.00024414,0.821
0.00024414,0.822
0.00024414,0.823
0.00024414,0.824
0.00024414,0.825
0.00024414,0.826
0.00024414,0.827
0.00024414,0.828
0.00024414,0.829
0.00018311,0.83
0.00018311,0.831
0.00018311,0.832
0.00018311,0.833
0.00018311,0.834
0.00018311,0.835
0.00018311,0.836
0.00018311,0.837
0.00018311,0.838
0.00018311,0.839
0.00018311,0.84
0.00018311,0.841
0.00018311,0.842
0.00018311,0.843
0.00018311,0.844
0.00018311,0.845
0.00018311,0.846
0.00018311,0.847
0.00018311,0.848
0.00018311,0.849
0.00018311,0.85
0.00018311,0.851
0.00018311,0.852
0.00018311,0.853
0.00018311,0.854
0.00018311,0.855
0.00018311,0.856
0.00018311,0.857
0.00018311,0.858
0.00018311,0.859
0.00018311,0.86
0.00018311,0.861
0.00018311,0.862
0.00018311,0.863
0.00018311,0.864
0.00018311,0.865
0.00018311,0.866
0.00018311,0.867
0.00018311,0.868
0.00018311,0.869
0.00018311,0.87
0.00012207,0.871
0.00012207,0.872
0.00012207,0.873
0.00012207,0.874
0.00012207,0.875
0.00012207,0.876
0.00012207,0.877
0.00012207,0.878
0.00012207,0.879
0.00012207,0.88
0.00012207,0.881
0.00012207,0.882
0.00012207,0.883
0.00012207,0.884
0.00012207,0.885
0.00012207,0.886
0.00012207,0.887
0.00012207,0.888
0.00012207,0.889
0.00012207,0.89
0.00012207,0.891
0.00012207,0.892
0.00012207,0.893
0.00012207,0.894
0.00012207,0.895
0.00012207,0.896
0.00012207,0.897
0.00012207,0.898
0.00012207,0.899
0.00012207,0.9
0.00012207,0.901
0.00012207,0.902
0.00012207,0.903
0.00012207,0.904
0.00012207,0.905
0.00012207,0.906
0.00012207,0.907
0.00012207,0.908
0.00012207,0.909
0.00012207,0.91
0.00012207,0.911
0.00012207,0.912
0.00012207,0.913
0.00012207,0.914
0.00012207,0.915
0.00012207,0.916
6.1035e-05,0.917
6.1035e-05,0.918
6.1035e-05,0.919
6.1035e-05,0.92
6.1035e-05,0.921
6.1035e-05,0.922
6.1035e-05,0.923
6.1035e-05,0.924
6.1035e-05,0.925
6.1035e-05,0.926
6.1035e-05,0.927
6.1035e-05,0.928
6.1035e-05,0.929
6.1035e-05,0.93
6.1035e-05,0.931
6.1035e-05,0.932
6.1035e-05,0.933
6.1035e-05,0.934
6.1035e-05,0.935
6.1035e-05,0.936
6.1035e-05,0.937
6.1035e-05,0.938
6.1035e-05,0.939
6.1035e-05,0.94
6.1035e-05,0.941
6.1035e-05,0.942
6.1035e-05,0.943
6.1035e-05,0.944
6.1035e-05,0.945
6.1035e-05,0.946
6.1035e-05,0.947
6.1035e-05,0.948
6.1035e-05,0.949
6.1035e-05,0.95
6.1035e-05,0.951
6.1035e-05,0.952
6.1035e-05,0.953
6.1035e-05,0.954
6.1035e-05,0.955
6.1035e-05,0.956
6.1035e-05,0.957
6.1035e-05,0.958
6.1035e-05,0.959
6.1035e-05,0.96
6.1035e-05,0.961
6.1035e-05,0.962
6.1035e-05,0.963
6.1035e-05,0.964
6.1035e-05,0.965
6.1035e-05,0.966
6.1035e-05,0.967
6.1035e-05,0.968
6.1035e-05,0.969
6.1035e-05,0.97
6.1035e-05,0.971
6.1035e-05,0.972
6.1035e-05,0.973
6.1035e-05,0.974
6.1035e-05,0.975
6.1035e-05,0.976
6.1035e-05,0.977
6.1035e-05,0.978
6.1035e-05,0.979
6.1035e-05,0.98
6.1035e-05,0.981
6.1035e-05,0.982
6.1035e-05,0.983
6.1035e-05,0.984
6.1035e-05,0.985
6.1035e-05,0.986
6.1035e-05,0.987
6.1035e-05,0.988
6.1035e-05,0.989
6.1035e-05,0.99
6.1035e-05,0.991
6.1035e-05,0.992
6.1035e-05,0.993
6.1035e-05,0.994
6.1035e-05,0.995
6.1035e-05,0.996
6.1035e-05,0.997
6.1035e-05,0.998
6.1035e-05,0.999
6.1035e-05,1
