0.78416,0.001
0.78391,0.002
0.7798,0.003
0.77626,0.004
0.7737,0.005
0.76476,0.006
0.75943,0.007
0.75041,0.008
0.74889,0.009
0.74767,0.01
0.73306,0.011
0.73027,0.012
0.7285,0.013
0.72626,0.014
0.7216,0.015
0.71428,0.016
0.71367,0.017
0.71297,0.018
0.71297,0.019
0.7103,0.02
0.70821,0.021
0.70197,0.022
0.69978,0.023
0.6953,0.024
0.69102,0.025
0.69087,0.026
0.68919,0.027
0.68169,0.028
0.67863,0.029
0.67802,0.03
0.67632,0.031
0.67453,0.032
0.67381,0.033
0.67262,0.034
0.67122,0.035
0.66719,0.036
0.66618,0.037
0.66408,0.038
0.66377,0.039
0.66234,0.04
0.66214,0.041
0.66185,0.042
0.66177,0.043
0.66101,0.044
0.66054,0.045
0.65855,0.046
0.65733,0.047
0.65686,0.048
0.65569,0.049
0.65454,0.05
0.65231,0.051
0.65115,0.052
0.64828,0.053
0.64743,0.054
0.64461,0.055
0.64388,0.056
0.64336,0.057
0.64319,0.058
0.64258,0.059
0.63939,0.06
0.6385,0.061
0.63667,0.062
0.63657,0.063
0.63383,0.064
0.63306,0.065
0.6326,0.066
0.6324,0.067
0.63109,0.068
0.62901,0.069
0.62877,0.07
0.62727,0.071
0.62585,0.072
0.62517,0.073
0.62497,0.074
0.62135,0.075
0.61931,0.076
0.6183,0.077
0.6181,0.078
0.61589,0.079
0.61511,0.08
0.61301,0.081
0.61142,0.082
0.6111,0.083
0.61058,0.084
0.60817,0.085
0.60706,0.086
0.60667,0.087
0.6042,0.088
0.60201,0.089
0.60075,0.09
0.5999,0.091
0.59988,0.092
0.59975,0.093
0.59929,0.094
0.59663,0.095
0.59605,0.096
0.59563,0.097
0.59468,0.098
0.59433,0.099
0.59421,0.1
0.59236,0.101
0.58897,0.102
0.58698,0.103
0.58693,0.104
0.58594,0.105
0.58458,0.106
0.58412,0.107
0.58292,0.108
0.58144,0.109
0.58064,0.11
0.5793,0.111
0.5775,0.112
0.57651,0.113
0.57387,0.114
0.57275,0.115
0.57266,0.116
0.57089,0.117
0.56993,0.118
0.56952,0.119
0.56815,0.12
0.56699,0.121
0.56639,0.122
0.56598,0.123
0.55789,0.124
0.55717,0.125
0.55437,0.126
0.5542,0.127
0.54796,0.128
0.54541,0.129
0.54451,0.13
0.54359,0.131
0.54312,0.132
0.54224,0.133
0.53625,0.134
0.53468,0.135
0.53435,0.136
0.53096,0.137
0.52989,0.138
0.52812,0.139
0.52567,0.14
0.52293,0.141
0.52142,0.142
0.52092,0.143
0.5202,0.144
0.51768,0.145
0.51695,0.146
0.51691,0.147
0.51114,0.148
0.50949,0.149
0.50871,0.15
0.50616,0.151
0.50578,0.152
0.50478,0.153
0.50398,0.154
0.50259,0.155
0.50139,0.156
0.4967,0.157
0.4946,0.158
0.49388,0.159
0.49292,0.16
0.49284,0.161
0.4928,0.162
0.49142,0.163
0.48834,0.164
0.48447,0.165
0.48189,0.166
0.48048,0.167
0.47905,0.168
0.47389,0.169
0.47359,0.17
0.47221,0.171
0.47127,0.172
0.47125,0.173
0.46986,0.174
0.46689,0.175
0.46661,0.176
0.46306,0.177
0.45987,0.178
0.45958,0.179
0.4538,0.18
0.45114,0.181
0.44855,0.182
0.44572,0.183
0.44571,0.184
0.44064,0.185
0.44009,0.186
0.43694,0.187
0.43596,0.188
0.42952,0.189
0.42842,0.19
0.42627,0.191
0.41786,0.192
0.41762,0.193
0.40889,0.194
0.40833,0.195
0.40591,0.196
0.39833,0.197
0.3967,0.198
0.39386,0.199
0.38565,0.2
0.38538,0.201
0.3829,0.202
0.36835,0.203
0.36603,0.204
0.36459,0.205
0.36053,0.206
0.35605,0.207
0.3531,0.208
0.351,0.209
0.34778,0.21
0.34657,0.211
0.34625,0.212
0.3365,0.213
0.33501,0.214
0.33232,0.215
0.33208,0.216
0.33104,0.217
0.32503,0.218
0.32458,0.219
0.31857,0.22
0.31519,0.221
0.31416,0.222
0.29718,0.223
0.295,0.224
0.28786,0.225
0.27914,0.226
0.26672,0.227
0.2655,0.228
0.26024,0.229
0.25284,0.23
0.25078,0.231
0.24762,0.232
0.24371,0.233
0.23842,0.234
0.23828,0.235
0.23654,0.236
0.22151,0.237
0.21967,0.238
0.21338,0.239
0.21294,0.24
0.20799,0.241
0.20766,0.242
0.19771,0.243
0.19489,0.244
0.18988,0.245
0.18895,0.246
0.18753,0.247
0.1803,0.248
0.17659,0.249
0.17348,0.25
0.17068,0.251
0.16995,0.252
0.16776,0.253
0.16136,0.254
0.15892,0.255
0.15555,0.256
0.15532,0.257
0.1514,0.258
0.1505,0.259
0.14607,0.26
0.14261,0.261
0.14133,0.262
0.13972,0.263
0.1349,0.264
0.1301,0.265
0.12961,0.266
0.12837,0.267
0.12495,0.268
0.1246,0.269
0.12326,0.27
0.11794,0.271
0.11287,0.272
0.11258,0.273
0.11108,0.274
0.11105,0.275
0.10878,0.276
0.10699,0.277
0.095398,0.278
0.095276,0.279
0.094284,0.28
0.090424,0.281
0.090332,0.282
0.087112,0.283
0.08519,0.284
0.081375,0.285
0.081039,0.286
0.080444,0.287
0.079926,0.288
0.077682,0.289
0.074173,0.29
0.073441,0.291
0.072998,0.292
0.072235,0.293
0.072006,0.294
0.069885,0.295
0.068771,0.296
0.06691,0.297
0.061142,0.298
0.060791,0.299
0.059799,0.3
0.057953,0.301
0.057938,0.302
0.05481,0.303
0.053772,0.304
0.052628,0.305
0.05246,0.306
0.051758,0.307
0.051041,0.308
0.050095,0.309
0.046036,0.31
0.045746,0.311
0.045654,0.312
0.044922,0.313
0.044266,0.314
0.043777,0.315
0.043503,0.316
0.042938,0.317
0.042908,0.318
0.042007,0.319
0.041321,0.32
0.040497,0.321
0.039505,0.322
0.039078,0.323
0.037872,0.324
0.036194,0.325
0.035568,0.326
0.035309,0.327
0.035126,0.328
0.034729,0.329
0.034714,0.33
0.034592,0.331
0.033203,0.332
0.033173,0.333
0.030762,0.334
0.02916,0.335
0.027817,0.336
0.027176,0.337
0.027084,0.338
0.026627,0.339
0.026382,0.34
0.025925,0.341
0.025116,0.342
0.024719,0.343
0.022644,0.344
0.02153,0.345
0.021378,0.346
0.020493,0.347
0.019333,0.348
0.018967,0.349
0.018692,0.35
0.018661,0.351
0.017502,0.352
0.01738,0.353
0.016891,0.354
0.01683,0.355
0.01622,0.356
0.015961,0.357
0.015915,0.358
0.015488,0.359
0.015106,0.36
0.014954,0.361
0.014572,0.362
0.013916,0.363
0.013718,0.364
0.013718,0.365
0.013626,0.366
0.013611,0.367
0.013428,0.368
0.012787,0.369
0.012283,0.37
0.011932,0.371
0.011856,0.372
0.011215,0.373
0.011124,0.374
0.011047,0.375
0.010757,0.376
0.0098877,0.377
0.0098572,0.378
0.0097656,0.379
0.0093536,0.38
0.0093231,0.381
0.0091095,0.382
0.0086212,0.383
0.008606,0.384
0.0081482,0.385
0.0079498,0.386
0.0078888,0.387
0.0077972,0.388
0.0077057,0.389
0.007309,0.39
0.0072937,0.391
0.0072174,0.392
0.0070953,0.393
0.0066376,0.394
0.0065918,0.395
0.006424,0.396
0.0063934,0.397
0.0062256,0.398
0.0061951,0.399
0.0061188,0.4
0.0059662,0.401
0.0059204,0.402
0.0058594,0.403
0.0058441,0.404
0.0057526,0.405
0.0057373,0.406
0.0057068,0.407
0.0056,0.408
0.0055084,0.409
0.0054626,0.41
0.0051727,0.411
0.0051575,0.412
0.0047607,0.413
0.0047455,0.414
0.0046387,0.415
0.0045319,0.416
0.0045013,0.417
0.0044861,0.418
0.0044556,0.419
0.0043945,0.42
0.0043335,0.421
0.0041809,0.422
0.0041199,0.423
0.0041046,0.424
0.0040588,0.425
0.0040436,0.426
0.0040131,0.427
0.0039673,0.428
0.0039063,0.429
0.0038147,0.43
0.0037994,0.431
0.0037537,0.432
0.0035248,0.433
0.0035095,0.434
0.0034943,0.435
0.0033569,0.436
0.0032654,0.437
0.0032654,0.438
0.0031891,0.439
0.0031128,0.44
0.0030975,0.441
0.0030975,0.442
0.0030823,0.443
0.0030365,0.444
0.0029907,0.445
0.0029907,0.446
0.0029755,0.447
0.0029602,0.448
0.0029449,0.449
0.0029144,0.45
0.0028839,0.451
0.0028076,0.452
0.0027161,0.453
0.002655,0.454
0.0026093,0.455
0.0024872,0.456
0.0024414,0.457
0.0023956,0.458
0.0023956,0.459
0.0023804,0.46
0.0023499,0.461
0.002182,0.462
0.0021667,0.463
0.0021667,0.464
0.0021515,0.465
0.0021515,0.466
0.0020447,0.467
0.0020142,0.468
0.0019989,0.469
0.0019684,0.47
0.0019379,0.471
0.0019226,0.472
0.0018921,0.473
0.0018463,0.474
0.0018463,0.475
0.0018463,0.476
0.0018005,0.477
0.00177,0.478
0.0017548,0.479
0.0017395,0.48
0.0016937,0.481
0.0016479,0.482
0.0016479,0.483
0.0016174,0.484
0.0016022,0.485
0.0015717,0.486
0.0015411,0.487
0.0015411,0.488
0.0015259,0.489
0.0015106,0.49
0.0014954,0.491
0.0014648,0.492
0.0014343,0.493
0.0014343,0.494
0.0014191,0.495
0.0013885,0.496
0.0013275,0.497
0.001297,0.498
0.0012817,0.499
0.0012817,0.5
0.0012207,0.501
0.0012054,0.502
0.0012054,0.503
0.0011749,0.504
0.0011597,0.505
0.0011292,0.506
0.0011292,0.507
0.0010834,0.508
0.0010834,0.509
0.0010681,0.51
0.0010529,0.511
0.0010529,0.512
0.0010376,0.513
0.0010376,0.514
0.0010376,0.515
0.0010071,0.516
0.00099182,0.517
0.00099182,0.518
0.00094604,0.519
0.00093079,0.52
0.00093079,0.521
0.00091553,0.522
0.00091553,0.523
0.00090027,0.524
0.00090027,0.525
0.00090027,0.526
0.00088501,0.527
0.00088501,0.528
0.00088501,0.529
0.00086975,0.53
0.00085449,0.531
0.00085449,0.532
0.00083923,0.533
0.00083923,0.534
0.00082397,0.535
0.00080872,0.536
0.00079346,0.537
0.00079346,0.538
0.00079346,0.539
0.00079346,0.54
0.0007782,0.541
0.0007782,0.542
0.0007782,0.543
0.0007782,0.544
0.00073242,0.545
0.00071716,0.546
0.00071716,0.547
0.00071716,0.548
0.00071716,0.549
0.0007019,0.55
0.0007019,0.551
0.0007019,0.552
0.0007019,0.553
0.00068665,0.554
0.00068665,0.555
0.00067139,0.556
0.00065613,0.557
0.00065613,0.558
0.00065613,0.559
0.00065613,0.56
0.00064087,0.561
0.00064087,0.562
0.00064087,0.563
0.00059509,0.564
0.00059509,0.565
0.00059509,0.566
0.00059509,0.567
0.00059509,0.568
0.00057983,0.569
0.00057983,0.57
0.00056458,0.571
0.00054932,0.572
0.00054932,0.573
0.00054932,0.574
0.00054932,0.575
0.00053406,0.576
0.00053406,0.577
0.00053406,0.578
0.0005188,0.579
0.0005188,0.58
0.0005188,0.581
0.0005188,0.582
0.00050354,0.583
0.00050354,0.584
0.00048828,0.585
0.00048828,0.586
0.00048828,0.587
0.00048828,0.588
0.00048828,0.589
0.00048828,0.59
0.00047302,0.591
0.00047302,0.592
0.00047302,0.593
0.00045776,0.594
0.0004425,0.595
0.0004425,0.596
0.00042725,0.597
0.00041199,0.598
0.00039673,0.599
0.00039673,0.6
0.00039673,0.601
0.00039673,0.602
0.00038147,0.603
0.00038147,0.604
0.00038147,0.605
0.00038147,0.606
0.00038147,0.607
0.00038147,0.608
0.00036621,0.609
0.00036621,0.61
0.00035095,0.611
0.00035095,0.612
0.00035095,0.613
0.00035095,0.614
0.00035095,0.615
0.00035095,0.616
0.00033569,0.617
0.00033569,0.618
0.00033569,0.619
0.00033569,0.62
0.00033569,0.621
0.00033569,0.622
0.00033569,0.623
0.00033569,0.624
0.00032043,0.625
0.00032043,0.626
0.00032043,0.627
0.00032043,0.628
0.00032043,0.629
0.00032043,0.63
0.00032043,0.631
0.00030518,0.632
0.00030518,0.633
0.00030518,0.634
0.00030518,0.635
0.00030518,0.636
0.00028992,0.637
0.00028992,0.638
0.00027466,0.639
0.00027466,0.64
0.00027466,0.641
0.00027466,0.642
0.00027466,0.643
0.0002594,0.644
0.0002594,0.645
0.0002594,0.646
0.0002594,0.647
0.0002594,0.648
0.0002594,0.649
0.0002594,0.65
0.00024414,0.651
0.00024414,0.652
0.00024414,0.653
0.00024414,0.654
0.00022888,0.655
0.00022888,0.656
0.00022888,0.657
0.00021362,0.658
0.00021362,0.659
0.00021362,0.66
0.00021362,0.661
0.00021362,0.662
0.00021362,0.663
0.00019836,0.664
0.00019836,0.665
0.00019836,0.666
0.00019836,0.667
0.00019836,0.668
0.00019836,0.669
0.00019836,0.67
0.00019836,0.671
0.00019836,0.672
0.00019836,0.673
0.00018311,0.674
0.00018311,0.675
0.00018311,0.676
0.00018311,0.677
0.00018311,0.678
0.00018311,0.679
0.00018311,0.68
0.00018311,0.681
0.00018311,0.682
0.00016785,0.683
0.00016785,0.684
0.00016785,0.685
0.00016785,0.686
0.00016785,0.687
0.00016785,0.688
0.00016785,0.689
0.00016785,0.69
0.00016785,0.691
0.00015259,0.692
0.00015259,0.693
0.00015259,0.694
0.00015259,0.695
0.00015259,0.696
0.00015259,0.697
0.00015259,0.698
0.00015259,0.699
0.00015259,0.7
0.00015259,0.701
0.00015259,0.702
0.00015259,0.703
0.00015259,0.704
0.00013733,0.705
0.00013733,0.706
0.00013733,0.707
0.00013733,0.708
0.00013733,0.709
0.00013733,0.71
0.00013733,0.711
0.00013733,0.712
0.00013733,0.713
0.00013733,0.714
0.00013733,0.715
0.00013733,0.716
0.00013733,0.717
0.00013733,0.718
0.00013733,0.719
0.00013733,0.72
0.00013733,0.721
0.00012207,0.722
0.00012207,0.723
0.00012207,0.724
0.00012207,0.725
0.00012207,0.726
0.00012207,0.727
0.00012207,0.728
0.00012207,0.729
0.00012207,0.73
0.00012207,0.731
0.00012207,0.732
0.00012207,0.733
0.00012207,0.734
0.00010681,0.735
0.00010681,0.736
0.00010681,0.737
0.00010681,0.738
0.00010681,0.739
0.00010681,0.74
0.00010681,0.741
0.00010681,0.742
0.00010681,0.743
0.00010681,0.744
9.1553e-05,0.745
9.1553e-05,0.746
9.1553e-05,0.747
9.1553e-05,0.748
9.1553e-05,0.749
9.1553e-05,0.75
9.1553e-05,0.751
9.1553e-05,0.752
9.1553e-05,0.753
9.1553e-05,0.754
9.1553e-05,0.755
9.1553e-05,0.756
9.1553e-05,0.757
9.1553e-05,0.758
9.1553e-05,0.759
9.1553e-05,0.76
9.1553e-05,0.761
9.1553e-05,0.762
9.1553e-05,0.763
9.1553e-05,0.764
9.1553e-05,0.765
7.6294e-05,0.766
7.6294e-05,0.767
7.6294e-05,0.768
7.6294e-05,0.769
7.6294e-05,0.77
7.6294e-05,0.771
7.6294e-05,0.772
7.6294e-05,0.773
7.6294e-05,0.774
7.6294e-05,0.775
7.6294e-05,0.776
7.6294e-05,0.777
7.6294e-05,0.778
7.6294e-05,0.779
7.6294e-05,0.78
7.6294e-05,0.781
7.6294e-05,0.782
7.6294e-05,0.783
7.6294e-05,0.784
7.6294e-05,0.785
7.6294e-05,0.786
7.6294e-05,0.787
7.6294e-05,0.788
7.6294e-05,0.789
6.1035e-05,0.79
6.1035e-05,0.791
6.1035e-05,0.792
6.1035e-05,0.793
6.1035e-05,0.794
6.1035e-05,0.795
6.1035e-05,0.796
6.1035e-05,0.797
6.1035e-05,0.798
6.1035e-05,0.799
6.1035e-05,0.8
6.1035e-05,0.801
6.1035e-05,0.802
6.1035e-05,0.803
6.1035e-05,0.804
6.1035e-05,0.805
6.1035e-05,0.806
6.1035e-05,0.807
6.1035e-05,0.808
6.1035e-05,0.809
6.1035e-05,0.81
6.1035e-05,0.811
6.1035e-05,0.812
6.1035e-05,0.813
6.1035e-05,0.814
6.1035e-05,0.815
4.5776e-05,0.816
4.5776e-05,0.817
4.5776e-05,0.818
4.5776e-05,0.819
4.5776e-05,0.82
4.5776e-05,0.821
4.5776e-05,0.822
4.5776e-05,0.823
4.5776e-05,0.824
4.5776e-05,0.825
4.5776e-05,0.826
4.5776e-05,0.827
4.5776e-05,0.828
4.5776e-05,0.829
4.5776e-05,0.83
4.5776e-05,0.831
4.5776e-05,0.832
4.5776e-05,0.833
4.5776e-05,0.834
4.5776e-05,0.835
4.5776e-05,0.836
4.5776e-05,0.837
4.5776e-05,0.838
4.5776e-05,0.839
4.5776e-05,0.84
4.5776e-05,0.841
4.5776e-05,0.842
4.5776e-05,0.843
4.5776e-05,0.844
4.5776e-05,0.845
4.5776e-05,0.846
4.5776e-05,0.847
4.5776e-05,0.848
4.5776e-05,0.849
4.5776e-05,0.85
4.5776e-05,0.851
4.5776e-05,0.852
3.0518e-05,0.853
3.0518e-05,0.854
3.0518e-05,0.855
3.0518e-05,0.856
3.0518e-05,0.857
3.0518e-05,0.858
3.0518e-05,0.859
3.0518e-05,0.86
3.0518e-05,0.861
3.0518e-05,0.862
3.0518e-05,0.863
3.0518e-05,0.864
3.0518e-05,0.865
3.0518e-05,0.866
3.0518e-05,0.867
3.0518e-05,0.868
3.0518e-05,0.869
3.0518e-05,0.87
3.0518e-05,0.871
3.0518e-05,0.872
3.0518e-05,0.873
3.0518e-05,0.874
3.0518e-05,0.875
3.0518e-05,0.876
3.0518e-05,0.877
3.0518e-05,0.878
3.0518e-05,0.879
3.0518e-05,0.88
3.0518e-05,0.881
3.0518e-05,0.882
3.0518e-05,0.883
3.0518e-05,0.884
3.0518e-05,0.885
3.0518e-05,0.886
3.0518e-05,0.887
3.0518e-05,0.888
3.0518e-05,0.889
3.0518e-05,0.89
1.5259e-05,0.891
1.5259e-05,0.892
1.5259e-05,0.893
1.5259e-05,0.894
1.5259e-05,0.895
1.5259e-05,0.896
1.5259e-05,0.897
1.5259e-05,0.898
1.5259e-05,0.899
1.5259e-05,0.9
1.5259e-05,0.901
1.5259e-05,0.902
1.5259e-05,0.903
1.5259e-05,0.904
1.5259e-05,0.905
1.5259e-05,0.906
1.5259e-05,0.907
1.5259e-05,0.908
1.5259e-05,0.909
1.5259e-05,0.91
1.5259e-05,0.911
1.5259e-05,0.912
1.5259e-05,0.913
1.5259e-05,0.914
1.5259e-05,0.915
1.5259e-05,0.916
1.5259e-05,0.917
1.5259e-05,0.918
1.5259e-05,0.919
1.5259e-05,0.92
1.5259e-05,0.921
1.5259e-05,0.922
1.5259e-05,0.923
1.5259e-05,0.924
1.5259e-05,0.925
1.5259e-05,0.926
1.5259e-05,0.927
1.5259e-05,0.928
1.5259e-05,0.929
1.5259e-05,0.93
1.5259e-05,0.931
1.5259e-05,0.932
1.5259e-05,0.933
1.5259e-05,0.934
1.5259e-05,0.935
1.5259e-05,0.936
1.5259e-05,0.937
1.5259e-05,0.938
1.5259e-05,0.939
1.5259e-05,0.94
1.5259e-05,0.941
1.5259e-05,0.942
1.5259e-05,0.943
1.5259e-05,0.944
1.5259e-05,0.945
1.5259e-05,0.946
1.5259e-05,0.947
1.5259e-05,0.948
1.5259e-05,0.949
1.5259e-05,0.95
1.5259e-05,0.951
1.5259e-05,0.952
1.5259e-05,0.953
1.5259e-05,0.954
1.5259e-05,0.955
1.5259e-05,0.956
1.5259e-05,0.957
1.5259e-05,0.958
1.5259e-05,0.959
1.5259e-05,0.96
1.5259e-05,0.961
1.5259e-05,0.962
1.5259e-05,0.963
1.5259e-05,0.964
1.5259e-05,0.965
1.5259e-05,0.966
1.5259e-05,0.967
1.5259e-05,0.968
1.5259e-05,0.969
1.5259e-05,0.97
1.5259e-05,0.971
1.5259e-05,0.972
1.5259e-05,0.973
1.5259e-05,0.974
1.5259e-05,0.975
1.5259e-05,0.976
1.5259e-05,0.977
1.5259e-05,0.978
1.5259e-05,0.979
1.5259e-05,0.98
1.5259e-05,0.981
1.5259e-05,0.982
1.5259e-05,0.983
1.5259e-05,0.984
1.5259e-05,0.985
1.5259e-05,0.986
1.5259e-05,0.987
1.5259e-05,0.988
1.5259e-05,0.989
1.5259e-05,0.99
1.5259e-05,0.991
1.5259e-05,0.992
1.5259e-05,0.993
1.5259e-05,0.994
1.5259e-05,0.995
1.5259e-05,0.996
1.5259e-05,0.997
1.5259e-05,0.998
1.5259e-05,0.999
1.5259e-05,1
