0.86035,0.001
0.79785,0.002
0.77441,0.003
0.77148,0.004
0.7627,0.005
0.76074,0.006
0.74609,0.007
0.74512,0.008
0.73633,0.009
0.73145,0.01
0.72559,0.011
0.72363,0.012
0.71484,0.013
0.71484,0.014
0.71289,0.015
0.70703,0.016
0.70508,0.017
0.70117,0.018
0.69824,0.019
0.69336,0.02
0.69141,0.021
0.68262,0.022
0.68164,0.023
0.68164,0.024
0.67773,0.025
0.66699,0.026
0.66602,0.027
0.66406,0.028
0.66113,0.029
0.65918,0.03
0.65918,0.031
0.65625,0.032
0.6543,0.033
0.65234,0.034
0.64453,0.035
0.63965,0.036
0.63672,0.037
0.63477,0.038
0.63379,0.039
0.63379,0.04
0.63086,0.041
0.62891,0.042
0.62793,0.043
0.61719,0.044
0.61719,0.045
0.61426,0.046
0.61328,0.047
0.6123,0.048
0.61035,0.049
0.61035,0.05
0.60938,0.051
0.60449,0.052
0.60352,0.053
0.60156,0.054
0.60156,0.055
0.59668,0.056
0.59473,0.057
0.58203,0.058
0.58105,0.059
0.5791,0.06
0.57715,0.061
0.57617,0.062
0.57617,0.063
0.57324,0.064
0.57227,0.065
0.56348,0.066
0.56348,0.067
0.5625,0.068
0.55957,0.069
0.55664,0.07
0.55078,0.071
0.5498,0.072
0.54492,0.073
0.54492,0.074
0.54492,0.075
0.54297,0.076
0.54297,0.077
0.54199,0.078
0.54102,0.079
0.53711,0.08
0.5293,0.081
0.52832,0.082
0.52637,0.083
0.52539,0.084
0.52246,0.085
0.51953,0.086
0.51953,0.087
0.51758,0.088
0.51758,0.089
0.5166,0.09
0.51172,0.091
0.51172,0.092
0.50684,0.093
0.50293,0.094
0.50195,0.095
0.50195,0.096
0.50195,0.097
0.50195,0.098
0.49902,0.099
0.49609,0.1
0.49316,0.101
0.49316,0.102
0.48438,0.103
0.48438,0.104
0.4834,0.105
0.48145,0.106
0.47754,0.107
0.46777,0.108
0.46484,0.109
0.46484,0.11
0.46484,0.111
0.46191,0.112
0.45801,0.113
0.45801,0.114
0.45703,0.115
0.45508,0.116
0.45313,0.117
0.45215,0.118
0.4502,0.119
0.44629,0.12
0.44434,0.121
0.44336,0.122
0.43945,0.123
0.4375,0.124
0.43555,0.125
0.43262,0.126
0.43262,0.127
0.43066,0.128
0.42969,0.129
0.42773,0.13
0.4248,0.131
0.42383,0.132
0.42285,0.133
0.42188,0.134
0.42188,0.135
0.41797,0.136
0.41504,0.137
0.41309,0.138
0.41309,0.139
0.40918,0.14
0.40625,0.141
0.40527,0.142
0.39844,0.143
0.39746,0.144
0.39551,0.145
0.39453,0.146
0.39258,0.147
0.39258,0.148
0.3916,0.149
0.39063,0.15
0.38965,0.151
0.38672,0.152
0.38574,0.153
0.38477,0.154
0.38477,0.155
0.38086,0.156
0.37695,0.157
0.37695,0.158
0.375,0.159
0.375,0.16
0.36816,0.161
0.36719,0.162
0.3623,0.163
0.3623,0.164
0.35938,0.165
0.35254,0.166
0.34668,0.167
0.34668,0.168
0.34668,0.169
0.34473,0.17
0.34375,0.171
0.33887,0.172
0.33594,0.173
0.33594,0.174
0.33203,0.175
0.32813,0.176
0.32715,0.177
0.32617,0.178
0.3252,0.179
0.31934,0.18
0.31055,0.181
0.30957,0.182
0.30859,0.183
0.30859,0.184
0.30566,0.185
0.30469,0.186
0.30273,0.187
0.30078,0.188
0.30078,0.189
0.29492,0.19
0.29492,0.191
0.29492,0.192
0.29297,0.193
0.29199,0.194
0.29199,0.195
0.29102,0.196
0.29102,0.197
0.29004,0.198
0.28809,0.199
0.28711,0.2
0.28711,0.201
0.28613,0.202
0.28613,0.203
0.28613,0.204
0.2793,0.205
0.27832,0.206
0.27637,0.207
0.27539,0.208
0.27441,0.209
0.27148,0.21
0.26953,0.211
0.26465,0.212
0.26172,0.213
0.25977,0.214
0.25977,0.215
0.25488,0.216
0.25488,0.217
0.25293,0.218
0.25195,0.219
0.25098,0.22
0.24707,0.221
0.24609,0.222
0.24609,0.223
0.24414,0.224
0.24414,0.225
0.24121,0.226
0.23828,0.227
0.23535,0.228
0.23438,0.229
0.23242,0.23
0.22852,0.231
0.22852,0.232
0.22656,0.233
0.22461,0.234
0.22168,0.235
0.21875,0.236
0.21875,0.237
0.21875,0.238
0.21875,0.239
0.21484,0.24
0.21289,0.241
0.21191,0.242
0.21094,0.243
0.20898,0.244
0.20703,0.245
0.20215,0.246
0.19922,0.247
0.19629,0.248
0.19434,0.249
0.19336,0.25
0.19336,0.251
0.19238,0.252
0.19043,0.253
0.18652,0.254
0.18555,0.255
0.18555,0.256
0.18555,0.257
0.18555,0.258
0.18457,0.259
0.18457,0.26
0.18359,0.261
0.18359,0.262
0.18262,0.263
0.18262,0.264
0.18164,0.265
0.17969,0.266
0.17676,0.267
0.1748,0.268
0.17285,0.269
0.17285,0.27
0.17188,0.271
0.16992,0.272
0.16992,0.273
0.16797,0.274
0.16797,0.275
0.16699,0.276
0.16602,0.277
0.16602,0.278
0.16504,0.279
0.16113,0.28
0.16113,0.281
0.16016,0.282
0.1582,0.283
0.15723,0.284
0.15527,0.285
0.15332,0.286
0.15332,0.287
0.15234,0.288
0.15234,0.289
0.15234,0.29
0.15039,0.291
0.14941,0.292
0.14844,0.293
0.14258,0.294
0.1416,0.295
0.1416,0.296
0.14063,0.297
0.14063,0.298
0.14063,0.299
0.13867,0.3
0.1377,0.301
0.1377,0.302
0.13672,0.303
0.13672,0.304
0.13477,0.305
0.13281,0.306
0.13281,0.307
0.13184,0.308
0.13086,0.309
0.13086,0.31
0.12988,0.311
0.12793,0.312
0.12695,0.313
0.12598,0.314
0.12598,0.315
0.125,0.316
0.125,0.317
0.12402,0.318
0.12305,0.319
0.12207,0.32
0.12207,0.321
0.12109,0.322
0.12012,0.323
0.11914,0.324
0.11816,0.325
0.11719,0.326
0.11719,0.327
0.11719,0.328
0.11621,0.329
0.11621,0.33
0.11621,0.331
0.11523,0.332
0.11523,0.333
0.11426,0.334
0.11328,0.335
0.11133,0.336
0.11035,0.337
0.11035,0.338
0.11035,0.339
0.1084,0.34
0.10742,0.341
0.10742,0.342
0.10742,0.343
0.10742,0.344
0.10645,0.345
0.10645,0.346
0.10547,0.347
0.10352,0.348
0.10352,0.349
0.10352,0.35
0.10352,0.351
0.10254,0.352
0.10156,0.353
0.10156,0.354
0.10156,0.355
0.10059,0.356
0.10059,0.357
0.10059,0.358
0.097656,0.359
0.09668,0.36
0.092773,0.361
0.092773,0.362
0.092773,0.363
0.091797,0.364
0.089844,0.365
0.088867,0.366
0.087891,0.367
0.087891,0.368
0.085938,0.369
0.084961,0.37
0.083008,0.371
0.083008,0.372
0.081055,0.373
0.081055,0.374
0.081055,0.375
0.080078,0.376
0.080078,0.377
0.080078,0.378
0.079102,0.379
0.079102,0.38
0.079102,0.381
0.079102,0.382
0.079102,0.383
0.079102,0.384
0.078125,0.385
0.077148,0.386
0.077148,0.387
0.076172,0.388
0.076172,0.389
0.076172,0.39
0.075195,0.391
0.074219,0.392
0.073242,0.393
0.072266,0.394
0.072266,0.395
0.070313,0.396
0.070313,0.397
0.070313,0.398
0.069336,0.399
0.069336,0.4
0.069336,0.401
0.069336,0.402
0.068359,0.403
0.068359,0.404
0.068359,0.405
0.068359,0.406
0.067383,0.407
0.067383,0.408
0.067383,0.409
0.06543,0.41
0.06543,0.411
0.06543,0.412
0.063477,0.413
0.063477,0.414
0.063477,0.415
0.0625,0.416
0.061523,0.417
0.061523,0.418
0.061523,0.419
0.060547,0.42
0.058594,0.421
0.058594,0.422
0.057617,0.423
0.057617,0.424
0.057617,0.425
0.057617,0.426
0.056641,0.427
0.056641,0.428
0.056641,0.429
0.055664,0.43
0.055664,0.431
0.055664,0.432
0.054688,0.433
0.054688,0.434
0.053711,0.435
0.053711,0.436
0.052734,0.437
0.052734,0.438
0.052734,0.439
0.052734,0.44
0.052734,0.441
0.052734,0.442
0.052734,0.443
0.051758,0.444
0.051758,0.445
0.050781,0.446
0.050781,0.447
0.050781,0.448
0.050781,0.449
0.049805,0.45
0.049805,0.451
0.048828,0.452
0.047852,0.453
0.047852,0.454
0.047852,0.455
0.047852,0.456
0.047852,0.457
0.046875,0.458
0.044922,0.459
0.044922,0.46
0.044922,0.461
0.043945,0.462
0.043945,0.463
0.043945,0.464
0.043945,0.465
0.043945,0.466
0.042969,0.467
0.042969,0.468
0.041016,0.469
0.040039,0.47
0.040039,0.471
0.039063,0.472
0.038086,0.473
0.038086,0.474
0.037109,0.475
0.037109,0.476
0.037109,0.477
0.037109,0.478
0.037109,0.479
0.037109,0.48
0.036133,0.481
0.036133,0.482
0.036133,0.483
0.035156,0.484
0.035156,0.485
0.03418,0.486
0.03418,0.487
0.03418,0.488
0.033203,0.489
0.033203,0.49
0.032227,0.491
0.032227,0.492
0.032227,0.493
0.032227,0.494
0.032227,0.495
0.03125,0.496
0.03125,0.497
0.030273,0.498
0.030273,0.499
0.030273,0.5
0.030273,0.501
0.030273,0.502
0.029297,0.503
0.029297,0.504
0.029297,0.505
0.02832,0.506
0.02832,0.507
0.02832,0.508
0.02832,0.509
0.02832,0.51
0.02832,0.511
0.02832,0.512
0.027344,0.513
0.027344,0.514
0.027344,0.515
0.026367,0.516
0.026367,0.517
0.026367,0.518
0.026367,0.519
0.026367,0.52
0.025391,0.521
0.025391,0.522
0.025391,0.523
0.025391,0.524
0.024414,0.525
0.024414,0.526
0.024414,0.527
0.024414,0.528
0.024414,0.529
0.023438,0.53
0.023438,0.531
0.023438,0.532
0.023438,0.533
0.023438,0.534
0.022461,0.535
0.022461,0.536
0.022461,0.537
0.022461,0.538
0.022461,0.539
0.022461,0.54
0.022461,0.541
0.022461,0.542
0.022461,0.543
0.021484,0.544
0.021484,0.545
0.021484,0.546
0.021484,0.547
0.021484,0.548
0.020508,0.549
0.020508,0.55
0.020508,0.551
0.020508,0.552
0.020508,0.553
0.020508,0.554
0.019531,0.555
0.019531,0.556
0.019531,0.557
0.019531,0.558
0.019531,0.559
0.019531,0.56
0.019531,0.561
0.019531,0.562
0.019531,0.563
0.019531,0.564
0.019531,0.565
0.019531,0.566
0.018555,0.567
0.018555,0.568
0.017578,0.569
0.017578,0.57
0.017578,0.571
0.017578,0.572
0.017578,0.573
0.016602,0.574
0.016602,0.575
0.015625,0.576
0.015625,0.577
0.015625,0.578
0.015625,0.579
0.015625,0.58
0.015625,0.581
0.015625,0.582
0.015625,0.583
0.014648,0.584
0.014648,0.585
0.014648,0.586
0.014648,0.587
0.014648,0.588
0.014648,0.589
0.014648,0.59
0.013672,0.591
0.013672,0.592
0.013672,0.593
0.013672,0.594
0.013672,0.595
0.013672,0.596
0.013672,0.597
0.013672,0.598
0.013672,0.599
0.013672,0.6
0.012695,0.601
0.012695,0.602
0.012695,0.603
0.012695,0.604
0.012695,0.605
0.012695,0.606
0.012695,0.607
0.012695,0.608
0.012695,0.609
0.012695,0.61
0.012695,0.611
0.012695,0.612
0.012695,0.613
0.012695,0.614
0.012695,0.615
0.012695,0.616
0.011719,0.617
0.011719,0.618
0.011719,0.619
0.011719,0.62
0.011719,0.621
0.011719,0.622
0.011719,0.623
0.011719,0.624
0.011719,0.625
0.010742,0.626
0.010742,0.627
0.010742,0.628
0.010742,0.629
0.010742,0.63
0.010742,0.631
0.010742,0.632
0.010742,0.633
0.010742,0.634
0.010742,0.635
0.010742,0.636
0.010742,0.637
0.0097656,0.638
0.0097656,0.639
0.0097656,0.64
0.0097656,0.641
0.0097656,0.642
0.0097656,0.643
0.0097656,0.644
0.0097656,0.645
0.0097656,0.646
0.0087891,0.647
0.0087891,0.648
0.0087891,0.649
0.0087891,0.65
0.0087891,0.651
0.0087891,0.652
0.0087891,0.653
0.0087891,0.654
0.0087891,0.655
0.0087891,0.656
0.0087891,0.657
0.0087891,0.658
0.0087891,0.659
0.0087891,0.66
0.0087891,0.661
0.0087891,0.662
0.0087891,0.663
0.0087891,0.664
0.0087891,0.665
0.0078125,0.666
0.0078125,0.667
0.0078125,0.668
0.0078125,0.669
0.0078125,0.67
0.0078125,0.671
0.0078125,0.672
0.0078125,0.673
0.0078125,0.674
0.0078125,0.675
0.0078125,0.676
0.0078125,0.677
0.0078125,0.678
0.0078125,0.679
0.0078125,0.68
0.0078125,0.681
0.0078125,0.682
0.0078125,0.683
0.0068359,0.684
0.0068359,0.685
0.0068359,0.686
0.0068359,0.687
0.0068359,0.688
0.0068359,0.689
0.0068359,0.69
0.0068359,0.691
0.0068359,0.692
0.0068359,0.693
0.0068359,0.694
0.0068359,0.695
0.0068359,0.696
0.0068359,0.697
0.0068359,0.698
0.0068359,0.699
0.0068359,0.7
0.0068359,0.701
0.0068359,0.702
0.0068359,0.703
0.0068359,0.704
0.0058594,0.705
0.0058594,0.706
0.0058594,0.707
0.0058594,0.708
0.0058594,0.709
0.0058594,0.71
0.0058594,0.711
0.0058594,0.712
0.0058594,0.713
0.0058594,0.714
0.0058594,0.715
0.0058594,0.716
0.0058594,0.717
0.0058594,0.718
0.0058594,0.719
0.0058594,0.72
0.0058594,0.721
0.0058594,0.722
0.0058594,0.723
0.0058594,0.724
0.0058594,0.725
0.0058594,0.726
0.0058594,0.727
0.0058594,0.728
0.0048828,0.729
0.0048828,0.73
0.0048828,0.731
0.0048828,0.732
0.0048828,0.733
0.0048828,0.734
0.0048828,0.735
0.0048828,0.736
0.0048828,0.737
0.0048828,0.738
0.0048828,0.739
0.0048828,0.74
0.0048828,0.741
0.0048828,0.742
0.0048828,0.743
0.0048828,0.744
0.0048828,0.745
0.0048828,0.746
0.0048828,0.747
0.0048828,0.748
0.0048828,0.749
0.0048828,0.75
0.0048828,0.751
0.0039063,0.752
0.0039063,0.753
0.0039063,0.754
0.0039063,0.755
0.0039063,0.756
0.0039063,0.757
0.0039063,0.758
0.0039063,0.759
0.0039063,0.76
0.0039063,0.761
0.0039063,0.762
0.0039063,0.763
0.0039063,0.764
0.0039063,0.765
0.0039063,0.766
0.0039063,0.767
0.0039063,0.768
0.0039063,0.769
0.0039063,0.77
0.0039063,0.771
0.0039063,0.772
0.0039063,0.773
0.0039063,0.774
0.0039063,0.775
0.0039063,0.776
0.0039063,0.777
0.0039063,0.778
0.0029297,0.779
0.0029297,0.78
0.0029297,0.781
0.0029297,0.782
0.0029297,0.783
0.0029297,0.784
0.0029297,0.785
0.0029297,0.786
0.0029297,0.787
0.0029297,0.788
0.0029297,0.789
0.0029297,0.79
0.0029297,0.791
0.0029297,0.792
0.0029297,0.793
0.0029297,0.794
0.0029297,0.795
0.0029297,0.796
0.0029297,0.797
0.0029297,0.798
0.0029297,0.799
0.0029297,0.8
0.0029297,0.801
0.0029297,0.802
0.0029297,0.803
0.0029297,0.804
0.0029297,0.805
0.0029297,0.806
0.0029297,0.807
0.0029297,0.808
0.0029297,0.809
0.0029297,0.81
0.0029297,0.811
0.0029297,0.812
0.0029297,0.813
0.0029297,0.814
0.0029297,0.815
0.0029297,0.816
0.0029297,0.817
0.0019531,0.818
0.0019531,0.819
0.0019531,0.82
0.0019531,0.821
0.0019531,0.822
0.0019531,0.823
0.0019531,0.824
0.0019531,0.825
0.0019531,0.826
0.0019531,0.827
0.0019531,0.828
0.0019531,0.829
0.0019531,0.83
0.0019531,0.831
0.0019531,0.832
0.0019531,0.833
0.0019531,0.834
0.0019531,0.835
0.0019531,0.836
0.0019531,0.837
0.0019531,0.838
0.0019531,0.839
0.0019531,0.84
0.0019531,0.841
0.0019531,0.842
0.0019531,0.843
0.0019531,0.844
0.0019531,0.845
0.0019531,0.846
0.0019531,0.847
0.0019531,0.848
0.0019531,0.849
0.0019531,0.85
0.0019531,0.851
0.0019531,0.852
0.0019531,0.853
0.0019531,0.854
0.0019531,0.855
0.0019531,0.856
0.0019531,0.857
0.0019531,0.858
0.0019531,0.859
0.0019531,0.86
0.0019531,0.861
0.0019531,0.862
0.0019531,0.863
0.0019531,0.864
0.0019531,0.865
0.0019531,0.866
0.0019531,0.867
0.0019531,0.868
0.0019531,0.869
0.0019531,0.87
0.0019531,0.871
0.0019531,0.872
0.0019531,0.873
0.0019531,0.874
0.00097656,0.875
0.00097656,0.876
0.00097656,0.877
0.00097656,0.878
0.00097656,0.879
0.00097656,0.88
0.00097656,0.881
0.00097656,0.882
0.00097656,0.883
0.00097656,0.884
0.00097656,0.885
0.00097656,0.886
0.00097656,0.887
0.00097656,0.888
0.00097656,0.889
0.00097656,0.89
0.00097656,0.891
0.00097656,0.892
0.00097656,0.893
0.00097656,0.894
0.00097656,0.895
0.00097656,0.896
0.00097656,0.897
0.00097656,0.898
0.00097656,0.899
0.00097656,0.9
0.00097656,0.901
0.00097656,0.902
0.00097656,0.903
0.00097656,0.904
0.00097656,0.905
0.00097656,0.906
0.00097656,0.907
0.00097656,0.908
0.00097656,0.909
0.00097656,0.91
0.00097656,0.911
0.00097656,0.912
0.00097656,0.913
0.00097656,0.914
0.00097656,0.915
0.00097656,0.916
0.00097656,0.917
0.00097656,0.918
0.00097656,0.919
0.00097656,0.92
0.00097656,0.921
0.00097656,0.922
0.00097656,0.923
0.00097656,0.924
0.00097656,0.925
0.00097656,0.926
0.00097656,0.927
0.00097656,0.928
0.00097656,0.929
0.00097656,0.93
0.00097656,0.931
0.00097656,0.932
0.00097656,0.933
0.00097656,0.934
0.00097656,0.935
0.00097656,0.936
0.00097656,0.937
0.00097656,0.938
0.00097656,0.939
0.00097656,0.94
0.00097656,0.941
0.00097656,0.942
0.00097656,0.943
0.00097656,0.944
0.00097656,0.945
0.00097656,0.946
0.00097656,0.947
0.00097656,0.948
0.00097656,0.949
0.00097656,0.95
0.00097656,0.951
0.00097656,0.952
0.00097656,0.953
0.00097656,0.954
0.00097656,0.955
0.00097656,0.956
0.00097656,0.957
0.00097656,0.958
0.00097656,0.959
0.00097656,0.96
0.00097656,0.961
0.00097656,0.962
0.00097656,0.963
0.00097656,0.964
0.00097656,0.965
0.00097656,0.966
0.00097656,0.967
0.00097656,0.968
0.00097656,0.969
0.00097656,0.97
0.00097656,0.971
0.00097656,0.972
0.00097656,0.973
0.00097656,0.974
0.00097656,0.975
0.00097656,0.976
0.00097656,0.977
0.00097656,0.978
0.00097656,0.979
0.00097656,0.98
0.00097656,0.981
0.00097656,0.982
0.00097656,0.983
0.00097656,0.984
0.00097656,0.985
0.00097656,0.986
0.00097656,0.987
0.00097656,0.988
0.00097656,0.989
0.00097656,0.99
0.00097656,0.991
0.00097656,0.992
0.00097656,0.993
0.00097656,0.994
0.00097656,0.995
0.00097656,0.996
0.00097656,0.997
0.00097656,0.998
0.00097656,0.999
0.00097656,1
