0.77723,0.001
0.77637,0.002
0.76392,0.003
0.75381,0.004
0.74891,0.005
0.74674,0.006
0.74656,0.007
0.74318,0.008
0.74129,0.009
0.73544,0.01
0.73408,0.011
0.72738,0.012
0.72603,0.013
0.71096,0.014
0.71086,0.015
0.71034,0.016
0.70961,0.017
0.70893,0.018
0.7085,0.019
0.70732,0.02
0.70525,0.021
0.69914,0.022
0.69893,0.023
0.69796,0.024
0.69452,0.025
0.69347,0.026
0.69078,0.027
0.69058,0.028
0.69052,0.029
0.69027,0.03
0.68895,0.031
0.68827,0.032
0.68712,0.033
0.68638,0.034
0.68531,0.035
0.68487,0.036
0.68448,0.037
0.68399,0.038
0.68132,0.039
0.68105,0.04
0.67724,0.041
0.67657,0.042
0.67548,0.043
0.67521,0.044
0.67474,0.045
0.67467,0.046
0.6738,0.047
0.67186,0.048
0.6678,0.049
0.66667,0.05
0.66569,0.051
0.66103,0.052
0.65936,0.053
0.65775,0.054
0.65502,0.055
0.65479,0.056
0.65404,0.057
0.65194,0.058
0.65134,0.059
0.65039,0.06
0.65023,0.061
0.64998,0.062
0.64915,0.063
0.64767,0.064
0.64623,0.065
0.64598,0.066
0.64557,0.067
0.64515,0.068
0.64278,0.069
0.64207,0.07
0.64041,0.071
0.6403,0.072
0.64011,0.073
0.63702,0.074
0.63549,0.075
0.635,0.076
0.63467,0.077
0.63414,0.078
0.63183,0.079
0.63103,0.08
0.6291,0.081
0.6283,0.082
0.62681,0.083
0.62353,0.084
0.62305,0.085
0.6229,0.086
0.6228,0.087
0.62003,0.088
0.61981,0.089
0.61852,0.09
0.61833,0.091
0.61816,0.092
0.61756,0.093
0.61563,0.094
0.61391,0.095
0.61299,0.096
0.61075,0.097
0.6103,0.098
0.60769,0.099
0.60675,0.1
0.60558,0.101
0.60516,0.102
0.60503,0.103
0.60463,0.104
0.60448,0.105
0.60424,0.106
0.6042,0.107
0.60117,0.108
0.60062,0.109
0.60028,0.11
0.59733,0.111
0.59649,0.112
0.59514,0.113
0.59312,0.114
0.59265,0.115
0.59258,0.116
0.59077,0.117
0.59039,0.118
0.58996,0.119
0.5897,0.12
0.58864,0.121
0.58746,0.122
0.58689,0.123
0.58632,0.124
0.58548,0.125
0.58171,0.126
0.58118,0.127
0.5806,0.128
0.57967,0.129
0.57709,0.13
0.574,0.131
0.57365,0.132
0.57179,0.133
0.56928,0.134
0.56867,0.135
0.56709,0.136
0.56578,0.137
0.56348,0.138
0.56223,0.139
0.56114,0.14
0.55996,0.141
0.55768,0.142
0.55741,0.143
0.55689,0.144
0.55482,0.145
0.55441,0.146
0.55441,0.147
0.55172,0.148
0.55136,0.149
0.5496,0.15
0.5491,0.151
0.54783,0.152
0.54705,0.153
0.54616,0.154
0.54529,0.155
0.54211,0.156
0.54178,0.157
0.54119,0.158
0.53665,0.159
0.53461,0.16
0.53141,0.161
0.53056,0.162
0.53008,0.163
0.52952,0.164
0.52917,0.165
0.52755,0.166
0.52653,0.167
0.52401,0.168
0.52293,0.169
0.52144,0.17
0.5195,0.171
0.51937,0.172
0.51857,0.173
0.51457,0.174
0.50935,0.175
0.50796,0.176
0.50721,0.177
0.50378,0.178
0.50047,0.179
0.49474,0.18
0.49392,0.181
0.48848,0.182
0.48763,0.183
0.48419,0.184
0.48219,0.185
0.47963,0.186
0.47649,0.187
0.47624,0.188
0.47429,0.189
0.47368,0.19
0.46642,0.191
0.46611,0.192
0.45826,0.193
0.45818,0.194
0.45659,0.195
0.45406,0.196
0.45383,0.197
0.45288,0.198
0.44977,0.199
0.44952,0.2
0.44522,0.201
0.4386,0.202
0.43708,0.203
0.43357,0.204
0.43283,0.205
0.42967,0.206
0.4277,0.207
0.42221,0.208
0.42001,0.209
0.40873,0.21
0.4069,0.211
0.4067,0.212
0.39808,0.213
0.3962,0.214
0.3962,0.215
0.39429,0.216
0.39392,0.217
0.3937,0.218
0.393,0.219
0.39185,0.22
0.39101,0.221
0.38081,0.222
0.36809,0.223
0.35692,0.224
0.3559,0.225
0.35324,0.226
0.34485,0.227
0.3402,0.228
0.33491,0.229
0.32705,0.23
0.32243,0.231
0.30857,0.232
0.2857,0.233
0.28131,0.234
0.27877,0.235
0.26168,0.236
0.25766,0.237
0.25578,0.238
0.24886,0.239
0.24719,0.24
0.23889,0.241
0.23248,0.242
0.2248,0.243
0.21522,0.244
0.21444,0.245
0.21397,0.246
0.2109,0.247
0.19901,0.248
0.18121,0.249
0.17947,0.25
0.17767,0.251
0.1763,0.252
0.17273,0.253
0.16642,0.254
0.16388,0.255
0.15033,0.256
0.14937,0.257
0.13961,0.258
0.12566,0.259
0.12551,0.26
0.12417,0.261
0.11773,0.262
0.117,0.263
0.10792,0.264
0.1076,0.265
0.10215,0.266
0.1003,0.267
0.096378,0.268
0.095745,0.269
0.092308,0.27
0.091625,0.271
0.090172,0.272
0.085693,0.273
0.084496,0.274
0.079659,0.275
0.078819,0.276
0.077438,0.277
0.077305,0.278
0.076973,0.279
0.076847,0.28
0.072548,0.281
0.071724,0.282
0.06995,0.283
0.069492,0.284
0.063229,0.285
0.061768,0.286
0.059174,0.287
0.056141,0.288
0.053299,0.289
0.05246,0.29
0.051373,0.291
0.050529,0.292
0.049011,0.293
0.043816,0.294
0.042599,0.295
0.038326,0.296
0.035095,0.297
0.034927,0.298
0.031334,0.299
0.030922,0.3
0.029968,0.301
0.029888,0.302
0.028469,0.303
0.027603,0.304
0.027336,0.305
0.026711,0.306
0.025066,0.307
0.024395,0.308
0.023327,0.309
0.021683,0.31
0.02161,0.311
0.021175,0.312
0.020325,0.313
0.020283,0.314
0.019829,0.315
0.019115,0.316
0.018051,0.317
0.017067,0.318
0.017063,0.319
0.015041,0.32
0.014992,0.321
0.014843,0.322
0.014748,0.323
0.014713,0.324
0.014675,0.325
0.014061,0.326
0.012352,0.327
0.012241,0.328
0.011978,0.329
0.011944,0.33
0.01189,0.331
0.011646,0.332
0.011276,0.333
0.0097542,0.334
0.0097198,0.335
0.0096741,0.336
0.0096512,0.337
0.0095673,0.338
0.0090981,0.339
0.0089302,0.34
0.0085068,0.341
0.0079155,0.342
0.007843,0.343
0.0075798,0.344
0.0075188,0.345
0.007473,0.346
0.0067711,0.347
0.0067139,0.348
0.0066795,0.349
0.0065308,0.35
0.0059967,0.351
0.0057144,0.352
0.0055618,0.353
0.0053482,0.354
0.0053215,0.355
0.0051651,0.356
0.0050735,0.357
0.0048332,0.358
0.0048065,0.359
0.0047417,0.36
0.0047035,0.361
0.0046043,0.362
0.0043945,0.363
0.0043602,0.364
0.0043221,0.365
0.004303,0.366
0.0042381,0.367
0.0042152,0.368
0.003849,0.369
0.0038109,0.37
0.0036964,0.371
0.0035782,0.372
0.0034943,0.373
0.0034523,0.374
0.0033073,0.375
0.0031052,0.376
0.0030518,0.377
0.0028763,0.378
0.0028076,0.379
0.0027199,0.38
0.0025253,0.381
0.0025215,0.382
0.0023804,0.383
0.0023499,0.384
0.0023193,0.385
0.0022163,0.386
0.0022125,0.387
0.0022087,0.388
0.0021019,0.389
0.0020218,0.39
0.0019569,0.391
0.0018921,0.392
0.0018349,0.393
0.0018234,0.394
0.0017624,0.395
0.0017204,0.396
0.0017128,0.397
0.0017014,0.398
0.0016823,0.399
0.0016708,0.4
0.0016518,0.401
0.0016479,0.402
0.0016098,0.403
0.0015755,0.404
0.0015564,0.405
0.0015411,0.406
0.0015221,0.407
0.0015144,0.408
0.0014229,0.409
0.0013771,0.41
0.0013351,0.411
0.0013008,0.412
0.0012932,0.413
0.0012779,0.414
0.0012627,0.415
0.001236,0.416
0.0012321,0.417
0.0012283,0.418
0.0011978,0.419
0.0011978,0.42
0.0011902,0.421
0.0011711,0.422
0.0011559,0.423
0.0011559,0.424
0.001152,0.425
0.0011253,0.426
0.0010872,0.427
0.0010567,0.428
0.0010529,0.429
0.0010452,0.43
0.0010414,0.431
0.0010338,0.432
0.0010223,0.433
0.0010147,0.434
0.0010147,0.435
0.0010071,0.436
0.0010033,0.437
0.00097275,0.438
0.0009613,0.439
0.00095367,0.44
0.00094986,0.441
0.00094604,0.442
0.00094604,0.443
0.00091171,0.444
0.0008812,0.445
0.00087738,0.446
0.00086594,0.447
0.00085831,0.448
0.0008316,0.449
0.00081635,0.45
0.00081635,0.451
0.00080109,0.452
0.00078964,0.453
0.00078964,0.454
0.00078583,0.455
0.00078201,0.456
0.00076294,0.457
0.00075912,0.458
0.00075531,0.459
0.00074387,0.46
0.00074387,0.461
0.00073242,0.462
0.00072479,0.463
0.00072098,0.464
0.0007019,0.465
0.00067902,0.466
0.0006752,0.467
0.00065994,0.468
0.00065231,0.469
0.0006485,0.47
0.0006218,0.471
0.00061798,0.472
0.00061035,0.473
0.00061035,0.474
0.00060272,0.475
0.00059128,0.476
0.0005455,0.477
0.00054169,0.478
0.00051117,0.479
0.00049973,0.48
0.00049973,0.481
0.00046539,0.482
0.00046158,0.483
0.00044632,0.484
0.00044632,0.485
0.00043869,0.486
0.00041962,0.487
0.00041962,0.488
0.0004158,0.489
0.00041199,0.49
0.00040817,0.491
0.00040054,0.492
0.00040054,0.493
0.00039673,0.494
0.00039673,0.495
0.00039291,0.496
0.00039291,0.497
0.0003891,0.498
0.00038147,0.499
0.00038147,0.5
0.00037384,0.501
0.0003624,0.502
0.00035095,0.503
0.00034714,0.504
0.00033951,0.505
0.00033951,0.506
0.00033569,0.507
0.00032806,0.508
0.00032806,0.509
0.00032806,0.51
0.00032425,0.511
0.00032425,0.512
0.00032043,0.513
0.00031662,0.514
0.00031662,0.515
0.00030899,0.516
0.00030136,0.517
0.00029755,0.518
0.00029373,0.519
0.00028992,0.52
0.00027084,0.521
0.00026703,0.522
0.00026321,0.523
0.0002594,0.524
0.00025558,0.525
0.00025558,0.526
0.00025177,0.527
0.00025177,0.528
0.00024796,0.529
0.00024033,0.53
0.00024033,0.531
0.00023651,0.532
0.00023651,0.533
0.00023651,0.534
0.00023651,0.535
0.00023651,0.536
0.0002327,0.537
0.0002327,0.538
0.0002327,0.539
0.00022888,0.54
0.00022888,0.541
0.00022888,0.542
0.00022507,0.543
0.00022507,0.544
0.00021362,0.545
0.00020981,0.546
0.00020218,0.547
0.00019455,0.548
0.00019455,0.549
0.00019073,0.55
0.00018692,0.551
0.00018692,0.552
0.00018692,0.553
0.00017548,0.554
0.00017548,0.555
0.00017548,0.556
0.00017548,0.557
0.00017548,0.558
0.00016785,0.559
0.00016785,0.56
0.00016785,0.561
0.00016403,0.562
0.00016022,0.563
0.00016022,0.564
0.00016022,0.565
0.00016022,0.566
0.00016022,0.567
0.0001564,0.568
0.0001564,0.569
0.0001564,0.57
0.0001564,0.571
0.0001564,0.572
0.0001564,0.573
0.00015259,0.574
0.00015259,0.575
0.00015259,0.576
0.00015259,0.577
0.00014877,0.578
0.00014877,0.579
0.00014877,0.58
0.00014877,0.581
0.00014877,0.582
0.00014496,0.583
0.00014496,0.584
0.00013733,0.585
0.00013733,0.586
0.00013733,0.587
0.00013733,0.588
0.00013351,0.589
0.00013351,0.59
0.00013351,0.591
0.00012589,0.592
0.00012589,0.593
0.00012589,0.594
0.00012589,0.595
0.00012589,0.596
0.00012207,0.597
0.00012207,0.598
0.00011826,0.599
0.00011826,0.6
0.00011826,0.601
0.00011826,0.602
0.00011444,0.603
0.00011444,0.604
0.00011063,0.605
0.00011063,0.606
0.00011063,0.607
0.00011063,0.608
0.00010681,0.609
0.000103,0.61
0.000103,0.611
0.000103,0.612
0.000103,0.613
9.9182e-05,0.614
9.9182e-05,0.615
9.9182e-05,0.616
9.9182e-05,0.617
9.9182e-05,0.618
9.9182e-05,0.619
9.9182e-05,0.62
9.9182e-05,0.621
9.9182e-05,0.622
9.5367e-05,0.623
9.5367e-05,0.624
9.5367e-05,0.625
9.1553e-05,0.626
9.1553e-05,0.627
9.1553e-05,0.628
9.1553e-05,0.629
9.1553e-05,0.63
9.1553e-05,0.631
8.7738e-05,0.632
8.7738e-05,0.633
8.7738e-05,0.634
8.3923e-05,0.635
8.3923e-05,0.636
8.3923e-05,0.637
8.3923e-05,0.638
8.0109e-05,0.639
8.0109e-05,0.64
8.0109e-05,0.641
8.0109e-05,0.642
8.0109e-05,0.643
8.0109e-05,0.644
7.6294e-05,0.645
7.6294e-05,0.646
7.6294e-05,0.647
7.6294e-05,0.648
7.6294e-05,0.649
7.6294e-05,0.65
7.6294e-05,0.651
7.6294e-05,0.652
7.2479e-05,0.653
7.2479e-05,0.654
7.2479e-05,0.655
7.2479e-05,0.656
7.2479e-05,0.657
7.2479e-05,0.658
6.8665e-05,0.659
6.8665e-05,0.66
6.8665e-05,0.661
6.8665e-05,0.662
6.8665e-05,0.663
6.8665e-05,0.664
6.8665e-05,0.665
6.8665e-05,0.666
6.485e-05,0.667
6.485e-05,0.668
6.485e-05,0.669
6.485e-05,0.67
6.485e-05,0.671
6.485e-05,0.672
6.485e-05,0.673
6.485e-05,0.674
6.485e-05,0.675
6.485e-05,0.676
6.485e-05,0.677
6.1035e-05,0.678
6.1035e-05,0.679
6.1035e-05,0.68
6.1035e-05,0.681
6.1035e-05,0.682
6.1035e-05,0.683
6.1035e-05,0.684
6.1035e-05,0.685
6.1035e-05,0.686
5.722e-05,0.687
5.722e-05,0.688
5.722e-05,0.689
5.722e-05,0.69
5.722e-05,0.691
5.722e-05,0.692
5.722e-05,0.693
5.3406e-05,0.694
5.3406e-05,0.695
5.3406e-05,0.696
5.3406e-05,0.697
5.3406e-05,0.698
5.3406e-05,0.699
5.3406e-05,0.7
5.3406e-05,0.701
5.3406e-05,0.702
4.9591e-05,0.703
4.9591e-05,0.704
4.9591e-05,0.705
4.9591e-05,0.706
4.5776e-05,0.707
4.5776e-05,0.708
4.5776e-05,0.709
4.5776e-05,0.71
4.5776e-05,0.711
4.5776e-05,0.712
4.5776e-05,0.713
4.5776e-05,0.714
4.5776e-05,0.715
4.5776e-05,0.716
4.5776e-05,0.717
4.1962e-05,0.718
4.1962e-05,0.719
4.1962e-05,0.72
4.1962e-05,0.721
4.1962e-05,0.722
4.1962e-05,0.723
4.1962e-05,0.724
4.1962e-05,0.725
4.1962e-05,0.726
3.8147e-05,0.727
3.8147e-05,0.728
3.8147e-05,0.729
3.8147e-05,0.73
3.8147e-05,0.731
3.8147e-05,0.732
3.8147e-05,0.733
3.8147e-05,0.734
3.8147e-05,0.735
3.8147e-05,0.736
3.8147e-05,0.737
3.8147e-05,0.738
3.4332e-05,0.739
3.4332e-05,0.74
3.4332e-05,0.741
3.4332e-05,0.742
3.4332e-05,0.743
3.4332e-05,0.744
3.4332e-05,0.745
3.4332e-05,0.746
3.0518e-05,0.747
3.0518e-05,0.748
3.0518e-05,0.749
3.0518e-05,0.75
3.0518e-05,0.751
3.0518e-05,0.752
3.0518e-05,0.753
3.0518e-05,0.754
3.0518e-05,0.755
3.0518e-05,0.756
3.0518e-05,0.757
3.0518e-05,0.758
3.0518e-05,0.759
3.0518e-05,0.76
3.0518e-05,0.761
2.6703e-05,0.762
2.6703e-05,0.763
2.6703e-05,0.764
2.6703e-05,0.765
2.6703e-05,0.766
2.6703e-05,0.767
2.6703e-05,0.768
2.6703e-05,0.769
2.6703e-05,0.77
2.2888e-05,0.771
2.2888e-05,0.772
2.2888e-05,0.773
2.2888e-05,0.774
2.2888e-05,0.775
2.2888e-05,0.776
2.2888e-05,0.777
2.2888e-05,0.778
2.2888e-05,0.779
2.2888e-05,0.78
2.2888e-05,0.781
2.2888e-05,0.782
2.2888e-05,0.783
2.2888e-05,0.784
2.2888e-05,0.785
2.2888e-05,0.786
2.2888e-05,0.787
1.9073e-05,0.788
1.9073e-05,0.789
1.9073e-05,0.79
1.9073e-05,0.791
1.9073e-05,0.792
1.9073e-05,0.793
1.9073e-05,0.794
1.9073e-05,0.795
1.9073e-05,0.796
1.9073e-05,0.797
1.9073e-05,0.798
1.9073e-05,0.799
1.9073e-05,0.8
1.9073e-05,0.801
1.9073e-05,0.802
1.9073e-05,0.803
1.9073e-05,0.804
1.9073e-05,0.805
1.9073e-05,0.806
1.9073e-05,0.807
1.9073e-05,0.808
1.9073e-05,0.809
1.9073e-05,0.81
1.9073e-05,0.811
1.9073e-05,0.812
1.9073e-05,0.813
1.5259e-05,0.814
1.5259e-05,0.815
1.5259e-05,0.816
1.5259e-05,0.817
1.5259e-05,0.818
1.5259e-05,0.819
1.5259e-05,0.82
1.5259e-05,0.821
1.5259e-05,0.822
1.5259e-05,0.823
1.5259e-05,0.824
1.5259e-05,0.825
1.5259e-05,0.826
1.5259e-05,0.827
1.5259e-05,0.828
1.5259e-05,0.829
1.5259e-05,0.83
1.5259e-05,0.831
1.5259e-05,0.832
1.5259e-05,0.833
1.5259e-05,0.834
1.5259e-05,0.835
1.1444e-05,0.836
1.1444e-05,0.837
1.1444e-05,0.838
1.1444e-05,0.839
1.1444e-05,0.84
1.1444e-05,0.841
1.1444e-05,0.842
1.1444e-05,0.843
1.1444e-05,0.844
1.1444e-05,0.845
1.1444e-05,0.846
1.1444e-05,0.847
1.1444e-05,0.848
1.1444e-05,0.849
1.1444e-05,0.85
1.1444e-05,0.851
1.1444e-05,0.852
1.1444e-05,0.853
1.1444e-05,0.854
1.1444e-05,0.855
1.1444e-05,0.856
1.1444e-05,0.857
1.1444e-05,0.858
1.1444e-05,0.859
1.1444e-05,0.86
1.1444e-05,0.861
1.1444e-05,0.862
1.1444e-05,0.863
1.1444e-05,0.864
1.1444e-05,0.865
1.1444e-05,0.866
1.1444e-05,0.867
1.1444e-05,0.868
1.1444e-05,0.869
7.6294e-06,0.87
7.6294e-06,0.871
7.6294e-06,0.872
7.6294e-06,0.873
7.6294e-06,0.874
7.6294e-06,0.875
7.6294e-06,0.876
7.6294e-06,0.877
7.6294e-06,0.878
7.6294e-06,0.879
7.6294e-06,0.88
7.6294e-06,0.881
7.6294e-06,0.882
7.6294e-06,0.883
7.6294e-06,0.884
7.6294e-06,0.885
7.6294e-06,0.886
7.6294e-06,0.887
7.6294e-06,0.888
7.6294e-06,0.889
7.6294e-06,0.89
7.6294e-06,0.891
7.6294e-06,0.892
7.6294e-06,0.893
7.6294e-06,0.894
7.6294e-06,0.895
7.6294e-06,0.896
7.6294e-06,0.897
7.6294e-06,0.898
7.6294e-06,0.899
7.6294e-06,0.9
7.6294e-06,0.901
7.6294e-06,0.902
7.6294e-06,0.903
7.6294e-06,0.904
7.6294e-06,0.905
7.6294e-06,0.906
7.6294e-06,0.907
7.6294e-06,0.908
7.6294e-06,0.909
7.6294e-06,0.91
3.8147e-06,0.911
3.8147e-06,0.912
3.8147e-06,0.913
3.8147e-06,0.914
3.8147e-06,0.915
3.8147e-06,0.916
3.8147e-06,0.917
3.8147e-06,0.918
3.8147e-06,0.919
3.8147e-06,0.92
3.8147e-06,0.921
3.8147e-06,0.922
3.8147e-06,0.923
3.8147e-06,0.924
3.8147e-06,0.925
3.8147e-06,0.926
3.8147e-06,0.927
3.8147e-06,0.928
3.8147e-06,0.929
3.8147e-06,0.93
3.8147e-06,0.931
3.8147e-06,0.932
3.8147e-06,0.933
3.8147e-06,0.934
3.8147e-06,0.935
3.8147e-06,0.936
3.8147e-06,0.937
3.8147e-06,0.938
3.8147e-06,0.939
3.8147e-06,0.94
3.8147e-06,0.941
3.8147e-06,0.942
3.8147e-06,0.943
3.8147e-06,0.944
3.8147e-06,0.945
3.8147e-06,0.946
3.8147e-06,0.947
3.8147e-06,0.948
3.8147e-06,0.949
3.8147e-06,0.95
3.8147e-06,0.951
3.8147e-06,0.952
3.8147e-06,0.953
3.8147e-06,0.954
3.8147e-06,0.955
3.8147e-06,0.956
3.8147e-06,0.957
3.8147e-06,0.958
3.8147e-06,0.959
3.8147e-06,0.96
3.8147e-06,0.961
3.8147e-06,0.962
3.8147e-06,0.963
3.8147e-06,0.964
3.8147e-06,0.965
3.8147e-06,0.966
3.8147e-06,0.967
3.8147e-06,0.968
3.8147e-06,0.969
3.8147e-06,0.97
3.8147e-06,0.971
3.8147e-06,0.972
3.8147e-06,0.973
3.8147e-06,0.974
3.8147e-06,0.975
3.8147e-06,0.976
3.8147e-06,0.977
3.8147e-06,0.978
3.8147e-06,0.979
3.8147e-06,0.98
3.8147e-06,0.981
3.8147e-06,0.982
3.8147e-06,0.983
3.8147e-06,0.984
3.8147e-06,0.985
3.8147e-06,0.986
3.8147e-06,0.987
3.8147e-06,0.988
3.8147e-06,0.989
3.8147e-06,0.99
3.8147e-06,0.991
3.8147e-06,0.992
3.8147e-06,0.993
3.8147e-06,0.994
3.8147e-06,0.995
3.8147e-06,0.996
3.8147e-06,0.997
3.8147e-06,0.998
3.8147e-06,0.999
3.8147e-06,1
