0.82227,0.001
0.82178,0.002
0.81152,0.003
0.80859,0.004
0.77905,0.005
0.77271,0.006
0.75806,0.007
0.75122,0.008
0.74536,0.009
0.74268,0.01
0.73999,0.011
0.73853,0.012
0.73584,0.013
0.73267,0.014
0.72876,0.015
0.72412,0.016
0.71753,0.017
0.71387,0.018
0.70166,0.019
0.70093,0.02
0.69629,0.021
0.69556,0.022
0.69434,0.023
0.69434,0.024
0.69434,0.025
0.69141,0.026
0.68848,0.027
0.68799,0.028
0.68677,0.029
0.68286,0.03
0.68237,0.031
0.68042,0.032
0.68018,0.033
0.6626,0.034
0.66235,0.035
0.66162,0.036
0.65869,0.037
0.65723,0.038
0.65625,0.039
0.65137,0.04
0.65088,0.041
0.64526,0.042
0.64453,0.043
0.63867,0.044
0.63623,0.045
0.63599,0.046
0.6355,0.047
0.63354,0.048
0.6333,0.049
0.62891,0.05
0.62695,0.051
0.62207,0.052
0.62158,0.053
0.61816,0.054
0.61182,0.055
0.60889,0.056
0.60718,0.057
0.60596,0.058
0.60571,0.059
0.60522,0.06
0.59814,0.061
0.59717,0.062
0.59351,0.063
0.5918,0.064
0.58984,0.065
0.58813,0.066
0.5874,0.067
0.58667,0.068
0.58569,0.069
0.58276,0.07
0.5813,0.071
0.57739,0.072
0.57544,0.073
0.57495,0.074
0.57129,0.075
0.57056,0.076
0.57056,0.077
0.56763,0.078
0.56689,0.079
0.5647,0.08
0.56396,0.081
0.56348,0.082
0.56299,0.083
0.56299,0.084
0.56274,0.085
0.55859,0.086
0.55762,0.087
0.55371,0.088
0.55249,0.089
0.55176,0.09
0.55029,0.091
0.5481,0.092
0.5437,0.093
0.54321,0.094
0.5415,0.095
0.54053,0.096
0.54004,0.097
0.53784,0.098
0.53735,0.099
0.53662,0.1
0.53467,0.101
0.53418,0.102
0.53101,0.103
0.52881,0.104
0.52783,0.105
0.52661,0.106
0.52563,0.107
0.52563,0.108
0.521,0.109
0.52002,0.11
0.51978,0.111
0.51758,0.112
0.5166,0.113
0.51587,0.114
0.51514,0.115
0.5144,0.116
0.51221,0.117
0.51074,0.118
0.50928,0.119
0.50732,0.12
0.50659,0.121
0.50537,0.122
0.50415,0.123
0.48975,0.124
0.48877,0.125
0.4873,0.126
0.48511,0.127
0.48486,0.128
0.47729,0.129
0.47437,0.13
0.47388,0.131
0.47339,0.132
0.47266,0.133
0.46484,0.134
0.46216,0.135
0.46216,0.136
0.46167,0.137
0.46118,0.138
0.45972,0.139
0.45923,0.14
0.45728,0.141
0.4563,0.142
0.45581,0.143
0.45313,0.144
0.45239,0.145
0.4458,0.146
0.44043,0.147
0.4397,0.148
0.43872,0.149
0.4375,0.15
0.4375,0.151
0.43604,0.152
0.4353,0.153
0.4353,0.154
0.43213,0.155
0.4314,0.156
0.427,0.157
0.42529,0.158
0.42236,0.159
0.42114,0.16
0.4165,0.161
0.41577,0.162
0.41528,0.163
0.41431,0.164
0.4126,0.165
0.41113,0.166
0.40088,0.167
0.39795,0.168
0.39502,0.169
0.39209,0.17
0.38306,0.171
0.3772,0.172
0.37378,0.173
0.37061,0.174
0.36865,0.175
0.36694,0.176
0.36108,0.177
0.36035,0.178
0.35547,0.179
0.35156,0.18
0.35156,0.181
0.35132,0.182
0.34497,0.183
0.34424,0.184
0.34351,0.185
0.34253,0.186
0.34253,0.187
0.34033,0.188
0.33496,0.189
0.33472,0.19
0.33032,0.191
0.32568,0.192
0.32275,0.193
0.32178,0.194
0.32153,0.195
0.31372,0.196
0.31274,0.197
0.31006,0.198
0.30493,0.199
0.30371,0.2
0.30347,0.201
0.30005,0.202
0.29883,0.203
0.29712,0.204
0.29639,0.205
0.2959,0.206
0.29541,0.207
0.29297,0.208
0.29199,0.209
0.2915,0.21
0.28735,0.211
0.28687,0.212
0.28564,0.213
0.28271,0.214
0.27686,0.215
0.27441,0.216
0.27173,0.217
0.27173,0.218
0.27148,0.219
0.27051,0.22
0.26831,0.221
0.26782,0.222
0.2561,0.223
0.25073,0.224
0.25049,0.225
0.25024,0.226
0.24707,0.227
0.24463,0.228
0.2439,0.229
0.24121,0.23
0.23413,0.231
0.23193,0.232
0.23022,0.233
0.22949,0.234
0.22681,0.235
0.22095,0.236
0.21948,0.237
0.21948,0.238
0.21777,0.239
0.21387,0.24
0.21387,0.241
0.21362,0.242
0.21191,0.243
0.21118,0.244
0.2085,0.245
0.20801,0.246
0.20776,0.247
0.20581,0.248
0.20361,0.249
0.20337,0.25
0.2019,0.251
0.19946,0.252
0.19019,0.253
0.18945,0.254
0.18652,0.255
0.1853,0.256
0.18384,0.257
0.18091,0.258
0.18042,0.259
0.17847,0.26
0.17822,0.261
0.17163,0.262
0.17017,0.263
0.15967,0.264
0.15942,0.265
0.15845,0.266
0.15771,0.267
0.15723,0.268
0.15674,0.269
0.1521,0.27
0.1499,0.271
0.14575,0.272
0.14282,0.273
0.14087,0.274
0.14063,0.275
0.14038,0.276
0.13892,0.277
0.13818,0.278
0.13403,0.279
0.13403,0.28
0.13354,0.281
0.13086,0.282
0.13062,0.283
0.12842,0.284
0.12769,0.285
0.12622,0.286
0.12598,0.287
0.12573,0.288
0.125,0.289
0.12476,0.29
0.12451,0.291
0.12329,0.292
0.12231,0.293
0.12134,0.294
0.12134,0.295
0.12109,0.296
0.11865,0.297
0.11841,0.298
0.11743,0.299
0.11743,0.3
0.11426,0.301
0.11426,0.302
0.11304,0.303
0.11279,0.304
0.11157,0.305
0.10986,0.306
0.10791,0.307
0.10742,0.308
0.10596,0.309
0.10474,0.31
0.10278,0.311
0.10278,0.312
0.10229,0.313
0.10181,0.314
0.10083,0.315
0.10059,0.316
0.099854,0.317
0.099854,0.318
0.099609,0.319
0.098877,0.32
0.098877,0.321
0.098145,0.322
0.096924,0.323
0.096436,0.324
0.096191,0.325
0.093994,0.326
0.09375,0.327
0.09375,0.328
0.090576,0.329
0.088379,0.33
0.087891,0.331
0.087646,0.332
0.087402,0.333
0.086914,0.334
0.086426,0.335
0.086182,0.336
0.085938,0.337
0.085449,0.338
0.08374,0.339
0.083496,0.34
0.083496,0.341
0.081787,0.342
0.081299,0.343
0.081055,0.344
0.078613,0.345
0.078369,0.346
0.078125,0.347
0.077637,0.348
0.077148,0.349
0.076904,0.35
0.07666,0.351
0.075439,0.352
0.074219,0.353
0.072754,0.354
0.072266,0.355
0.071777,0.356
0.071533,0.357
0.071533,0.358
0.070068,0.359
0.069824,0.36
0.06958,0.361
0.069092,0.362
0.068604,0.363
0.066406,0.364
0.066162,0.365
0.066162,0.366
0.065674,0.367
0.06543,0.368
0.064941,0.369
0.064697,0.37
0.064209,0.371
0.062256,0.372
0.061768,0.373
0.060791,0.374
0.060547,0.375
0.059326,0.376
0.059326,0.377
0.05835,0.378
0.057129,0.379
0.054688,0.38
0.052979,0.381
0.052734,0.382
0.05249,0.383
0.05249,0.384
0.05249,0.385
0.05249,0.386
0.05127,0.387
0.049805,0.388
0.049805,0.389
0.049805,0.39
0.049316,0.391
0.048828,0.392
0.048584,0.393
0.04834,0.394
0.047852,0.395
0.047852,0.396
0.046631,0.397
0.045898,0.398
0.045166,0.399
0.045166,0.4
0.044922,0.401
0.044922,0.402
0.043945,0.403
0.043701,0.404
0.042725,0.405
0.042236,0.406
0.041016,0.407
0.040771,0.408
0.040283,0.409
0.040039,0.41
0.039551,0.411
0.039307,0.412
0.039063,0.413
0.038818,0.414
0.038818,0.415
0.03833,0.416
0.038086,0.417
0.037842,0.418
0.037842,0.419
0.037354,0.42
0.037109,0.421
0.036621,0.422
0.035889,0.423
0.034912,0.424
0.034912,0.425
0.034912,0.426
0.034424,0.427
0.034424,0.428
0.03418,0.429
0.033447,0.43
0.033447,0.431
0.032471,0.432
0.031982,0.433
0.03125,0.434
0.031006,0.435
0.030518,0.436
0.030273,0.437
0.030029,0.438
0.030029,0.439
0.030029,0.44
0.030029,0.441
0.029785,0.442
0.029053,0.443
0.028809,0.444
0.027832,0.445
0.027588,0.446
0.027344,0.447
0.026855,0.448
0.026367,0.449
0.026123,0.45
0.025879,0.451
0.025879,0.452
0.025391,0.453
0.024902,0.454
0.023682,0.455
0.023438,0.456
0.023438,0.457
0.023193,0.458
0.023193,0.459
0.022949,0.46
0.022949,0.461
0.022949,0.462
0.022705,0.463
0.022461,0.464
0.022461,0.465
0.022217,0.466
0.021973,0.467
0.021973,0.468
0.021729,0.469
0.021484,0.47
0.02124,0.471
0.02002,0.472
0.019775,0.473
0.019775,0.474
0.019531,0.475
0.019043,0.476
0.018311,0.477
0.018066,0.478
0.017334,0.479
0.01709,0.48
0.016846,0.481
0.016602,0.482
0.016602,0.483
0.016602,0.484
0.016357,0.485
0.016357,0.486
0.016357,0.487
0.016113,0.488
0.016113,0.489
0.016113,0.49
0.015869,0.491
0.015869,0.492
0.015625,0.493
0.015625,0.494
0.015625,0.495
0.015381,0.496
0.015381,0.497
0.015137,0.498
0.014893,0.499
0.014893,0.5
0.014893,0.501
0.014648,0.502
0.014648,0.503
0.014404,0.504
0.01416,0.505
0.01416,0.506
0.013916,0.507
0.013916,0.508
0.013184,0.509
0.013184,0.51
0.013184,0.511
0.013184,0.512
0.012939,0.513
0.012695,0.514
0.012451,0.515
0.012451,0.516
0.012207,0.517
0.012207,0.518
0.011719,0.519
0.011475,0.52
0.011475,0.521
0.011475,0.522
0.01123,0.523
0.01123,0.524
0.01123,0.525
0.010986,0.526
0.010986,0.527
0.010742,0.528
0.010742,0.529
0.010498,0.53
0.010254,0.531
0.010254,0.532
0.010254,0.533
0.010254,0.534
0.01001,0.535
0.01001,0.536
0.01001,0.537
0.0097656,0.538
0.0097656,0.539
0.0095215,0.54
0.0095215,0.541
0.0092773,0.542
0.0092773,0.543
0.0092773,0.544
0.0092773,0.545
0.0092773,0.546
0.0090332,0.547
0.0090332,0.548
0.0090332,0.549
0.0090332,0.55
0.0087891,0.551
0.0085449,0.552
0.0085449,0.553
0.0083008,0.554
0.0083008,0.555
0.0080566,0.556
0.0080566,0.557
0.0080566,0.558
0.0078125,0.559
0.0078125,0.56
0.0078125,0.561
0.0075684,0.562
0.0075684,0.563
0.0075684,0.564
0.0075684,0.565
0.0073242,0.566
0.0070801,0.567
0.0070801,0.568
0.0070801,0.569
0.0068359,0.57
0.0068359,0.571
0.0068359,0.572
0.0068359,0.573
0.0065918,0.574
0.0065918,0.575
0.0065918,0.576
0.0063477,0.577
0.0061035,0.578
0.0061035,0.579
0.0061035,0.58
0.0061035,0.581
0.0061035,0.582
0.0061035,0.583
0.0061035,0.584
0.0061035,0.585
0.0058594,0.586
0.0058594,0.587
0.0058594,0.588
0.0058594,0.589
0.0056152,0.59
0.0056152,0.591
0.0056152,0.592
0.0056152,0.593
0.0056152,0.594
0.0053711,0.595
0.0053711,0.596
0.0053711,0.597
0.0053711,0.598
0.0053711,0.599
0.0053711,0.6
0.005127,0.601
0.005127,0.602
0.005127,0.603
0.005127,0.604
0.0048828,0.605
0.0048828,0.606
0.0048828,0.607
0.0048828,0.608
0.0048828,0.609
0.0048828,0.61
0.0046387,0.611
0.0046387,0.612
0.0046387,0.613
0.0046387,0.614
0.0046387,0.615
0.0046387,0.616
0.0046387,0.617
0.0046387,0.618
0.0046387,0.619
0.0043945,0.62
0.0043945,0.621
0.0043945,0.622
0.0041504,0.623
0.0041504,0.624
0.0041504,0.625
0.0041504,0.626
0.0041504,0.627
0.0041504,0.628
0.0041504,0.629
0.0039063,0.63
0.0039063,0.631
0.0039063,0.632
0.0039063,0.633
0.0039063,0.634
0.0039063,0.635
0.0039063,0.636
0.0039063,0.637
0.0039063,0.638
0.0036621,0.639
0.0036621,0.64
0.0036621,0.641
0.0036621,0.642
0.0036621,0.643
0.0036621,0.644
0.0036621,0.645
0.0036621,0.646
0.003418,0.647
0.003418,0.648
0.003418,0.649
0.003418,0.65
0.003418,0.651
0.003418,0.652
0.003418,0.653
0.003418,0.654
0.0031738,0.655
0.0031738,0.656
0.0031738,0.657
0.0031738,0.658
0.0029297,0.659
0.0029297,0.66
0.0029297,0.661
0.0029297,0.662
0.0029297,0.663
0.0029297,0.664
0.0026855,0.665
0.0026855,0.666
0.0026855,0.667
0.0026855,0.668
0.0026855,0.669
0.0026855,0.67
0.0026855,0.671
0.0026855,0.672
0.0026855,0.673
0.0026855,0.674
0.0024414,0.675
0.0024414,0.676
0.0024414,0.677
0.0024414,0.678
0.0024414,0.679
0.0024414,0.68
0.0024414,0.681
0.0024414,0.682
0.0024414,0.683
0.0024414,0.684
0.0021973,0.685
0.0021973,0.686
0.0021973,0.687
0.0021973,0.688
0.0021973,0.689
0.0021973,0.69
0.0021973,0.691
0.0021973,0.692
0.0021973,0.693
0.0021973,0.694
0.0021973,0.695
0.0021973,0.696
0.0021973,0.697
0.0021973,0.698
0.0021973,0.699
0.0021973,0.7
0.0021973,0.701
0.0019531,0.702
0.0019531,0.703
0.0019531,0.704
0.0019531,0.705
0.0019531,0.706
0.0019531,0.707
0.0019531,0.708
0.0019531,0.709
0.0019531,0.71
0.0019531,0.711
0.0019531,0.712
0.0019531,0.713
0.0019531,0.714
0.0019531,0.715
0.0019531,0.716
0.001709,0.717
0.001709,0.718
0.001709,0.719
0.001709,0.72
0.001709,0.721
0.001709,0.722
0.001709,0.723
0.001709,0.724
0.001709,0.725
0.001709,0.726
0.001709,0.727
0.001709,0.728
0.001709,0.729
0.001709,0.73
0.001709,0.731
0.0014648,0.732
0.0014648,0.733
0.0014648,0.734
0.0014648,0.735
0.0014648,0.736
0.0014648,0.737
0.0014648,0.738
0.0014648,0.739
0.0014648,0.74
0.0014648,0.741
0.0014648,0.742
0.0014648,0.743
0.0014648,0.744
0.0014648,0.745
0.0014648,0.746
0.0014648,0.747
0.0014648,0.748
0.0012207,0.749
0.0012207,0.75
0.0012207,0.751
0.0012207,0.752
0.0012207,0.753
0.0012207,0.754
0.0012207,0.755
0.0012207,0.756
0.0012207,0.757
0.0012207,0.758
0.0012207,0.759
0.0012207,0.76
0.0012207,0.761
0.0012207,0.762
0.0012207,0.763
0.0012207,0.764
0.0012207,0.765
0.0012207,0.766
0.0012207,0.767
0.0012207,0.768
0.0012207,0.769
0.0012207,0.77
0.00097656,0.771
0.00097656,0.772
0.00097656,0.773
0.00097656,0.774
0.00097656,0.775
0.00097656,0.776
0.00097656,0.777
0.00097656,0.778
0.00097656,0.779
0.00097656,0.78
0.00097656,0.781
0.00097656,0.782
0.00097656,0.783
0.00097656,0.784
0.00097656,0.785
0.00097656,0.786
0.00097656,0.787
0.00097656,0.788
0.00097656,0.789
0.00097656,0.79
0.00097656,0.791
0.00097656,0.792
0.00097656,0.793
0.00097656,0.794
0.00097656,0.795
0.00097656,0.796
0.00097656,0.797
0.00097656,0.798
0.00097656,0.799
0.00097656,0.8
0.00097656,0.801
0.00097656,0.802
0.00097656,0.803
0.00097656,0.804
0.00097656,0.805
0.00073242,0.806
0.00073242,0.807
0.00073242,0.808
0.00073242,0.809
0.00073242,0.81
0.00073242,0.811
0.00073242,0.812
0.00073242,0.813
0.00073242,0.814
0.00073242,0.815
0.00073242,0.816
0.00073242,0.817
0.00073242,0.818
0.00073242,0.819
0.00073242,0.82
0.00073242,0.821
0.00073242,0.822
0.00073242,0.823
0.00073242,0.824
0.00073242,0.825
0.00073242,0.826
0.00073242,0.827
0.00073242,0.828
0.00073242,0.829
0.00073242,0.83
0.00073242,0.831
0.00073242,0.832
0.00073242,0.833
0.00073242,0.834
0.00073242,0.835
0.00073242,0.836
0.00073242,0.837
0.00073242,0.838
0.00073242,0.839
0.00073242,0.84
0.00073242,0.841
0.00073242,0.842
0.00073242,0.843
0.00073242,0.844
0.00073242,0.845
0.00073242,0.846
0.00048828,0.847
0.00048828,0.848
0.00048828,0.849
0.00048828,0.85
0.00048828,0.851
0.00048828,0.852
0.00048828,0.853
0.00048828,0.854
0.00048828,0.855
0.00048828,0.856
0.00048828,0.857
0.00048828,0.858
0.00048828,0.859
0.00048828,0.86
0.00048828,0.861
0.00048828,0.862
0.00048828,0.863
0.00048828,0.864
0.00048828,0.865
0.00048828,0.866
0.00048828,0.867
0.00048828,0.868
0.00048828,0.869
0.00048828,0.87
0.00048828,0.871
0.00048828,0.872
0.00048828,0.873
0.00048828,0.874
0.00048828,0.875
0.00048828,0.876
0.00048828,0.877
0.00048828,0.878
0.00048828,0.879
0.00048828,0.88
0.00048828,0.881
0.00048828,0.882
0.00048828,0.883
0.00048828,0.884
0.00048828,0.885
0.00048828,0.886
0.00048828,0.887
0.00048828,0.888
0.00048828,0.889
0.00048828,0.89
0.00048828,0.891
0.00048828,0.892
0.00048828,0.893
0.00048828,0.894
0.00048828,0.895
0.00048828,0.896
0.00048828,0.897
0.00048828,0.898
0.00048828,0.899
0.00048828,0.9
0.00048828,0.901
0.00048828,0.902
0.00048828,0.903
0.00048828,0.904
0.00024414,0.905
0.00024414,0.906
0.00024414,0.907
0.00024414,0.908
0.00024414,0.909
0.00024414,0.91
0.00024414,0.911
0.00024414,0.912
0.00024414,0.913
0.00024414,0.914
0.00024414,0.915
0.00024414,0.916
0.00024414,0.917
0.00024414,0.918
0.00024414,0.919
0.00024414,0.92
0.00024414,0.921
0.00024414,0.922
0.00024414,0.923
0.00024414,0.924
0.00024414,0.925
0.00024414,0.926
0.00024414,0.927
0.00024414,0.928
0.00024414,0.929
0.00024414,0.93
0.00024414,0.931
0.00024414,0.932
0.00024414,0.933
0.00024414,0.934
0.00024414,0.935
0.00024414,0.936
0.00024414,0.937
0.00024414,0.938
0.00024414,0.939
0.00024414,0.94
0.00024414,0.941
0.00024414,0.942
0.00024414,0.943
0.00024414,0.944
0.00024414,0.945
0.00024414,0.946
0.00024414,0.947
0.00024414,0.948
0.00024414,0.949
0.00024414,0.95
0.00024414,0.951
0.00024414,0.952
0.00024414,0.953
0.00024414,0.954
0.00024414,0.955
0.00024414,0.956
0.00024414,0.957
0.00024414,0.958
0.00024414,0.959
0.00024414,0.96
0.00024414,0.961
0.00024414,0.962
0.00024414,0.963
0.00024414,0.964
0.00024414,0.965
0.00024414,0.966
0.00024414,0.967
0.00024414,0.968
0.00024414,0.969
0.00024414,0.97
0.00024414,0.971
0.00024414,0.972
0.00024414,0.973
0.00024414,0.974
0.00024414,0.975
0.00024414,0.976
0.00024414,0.977
0.00024414,0.978
0.00024414,0.979
0.00024414,0.98
0.00024414,0.981
0.00024414,0.982
0.00024414,0.983
0.00024414,0.984
0.00024414,0.985
0.00024414,0.986
0.00024414,0.987
0.00024414,0.988
0.00024414,0.989
0.00024414,0.99
0.00024414,0.991
0.00024414,0.992
0.00024414,0.993
0.00024414,0.994
0.00024414,0.995
0.00024414,0.996
0.00024414,0.997
0.00024414,0.998
0.00024414,0.999
0.00024414,1
